	mean_abs_shap	pearsonr_r	pearsonr_p	fdr
AAA	0.0021125119254229215	-0.4679130279368183	3.392603200827078e-280	0.0
AAAA	0.006187463559542396	-0.7738449900079597	0.0	0.0
AAAAA	0.003574727991656509	-0.5964233295583686	0.0	0.0
AAAAC	0.001991079403036104	-0.08117826824310595	4.891326164125483e-09	2.6902290117813976e-07
AAAAG	0.00395850823038972	-0.7293118633010361	0.0	0.0
AAAAT	0.003761698235930084	-0.7621421293652327	0.0	0.0
AAAC	0.0032031065420702097	-0.2619419833525073	5.044170415057051e-82	0.0
AAACA	0.003830669250960994	-0.03406799286544735	0.014203743999603719	0.2379979784280174
AAACC	0.0035674939209921004	0.2916030121203359	4.556678338355984e-102	0.0
AAACG	0.003509311949010624	-0.8012983653430417	0.0	0.0
AAACT	0.004886416474915898	-0.7236827768393326	0.0	0.0
AAAG	0.0035747211532578677	-0.453970353696092	7.881561584802694e-262	0.0
AAAGA	0.0035683971539652963	-0.47013476700874823	3.343960286710039e-283	0.0
AAAGC	0.003149369517317943	0.49228031974501835	2.049320185e-314	0.0
AAAGG	0.010157983453445141	0.7252461199065229	0.0	0.0
AAAGT	0.0016068823380012208	-0.23351347531710973	4.254511984812553e-65	0.0
AAAT	0.015263533082098985	-0.624804376461439	0.0	0.0
AAATA	0.004557541252152462	-0.6926387009892132	0.0	0.0
AAATC	0.003398023456233215	0.5967300703617147	0.0	0.0
AAATG	0.0019360332278022929	-0.6682817427882736	0.0	0.0
AAATT	0.001816392212507041	0.44565387058057876	2.825500428293208e-251	0.0
AAC	0.0017672763810529387	-0.038291196700985394	0.0058468652901090355	0.13128190073858248
AACA	0.00919877853836165	-0.7241292082602486	0.0	0.0
AACAA	0.007544863689940453	-0.41787601536909924	4.3646833770303254e-218	0.0
AACAC	0.01698002313151946	-0.7554608911478504	0.0	0.0
AACAG	0.0020729846344431963	-0.5773204820312181	0.0	0.0
AACAT	0.0048853581032876755	-0.7392883027560853	0.0	0.0
AACC	0.003468522327808469	0.6601645508073049	0.0	0.0
AACCA	0.0077907695589465266	-0.4421492422450285	6.479197649059585e-247	0.0
AACCC	0.0030702704404423843	0.4985861330916403	1e-323	0.0
AACCG	0.0040289145748350135	0.7177228511220937	0.0	0.0
AACCT	0.004176543304761592	0.20112652177033807	2.0428834587233073e-48	0.0
AACG	0.002658393338964578	0.7592409391259165	0.0	0.0
AACGA	0.008668702939044485	-0.7671339213877724	0.0	0.0
AACGC	0.0023332982016602832	0.11634940740129446	4.4478243825062087e-17	0.0
AACGG	0.008861329591901808	0.7130233537014763	0.0	0.0
AACGT	0.0018818124569547486	0.5021650691793067	0.0	0.0
AACT	0.0035501150345029686	-0.14842310966336508	6.655222416841655e-27	0.0
AACTA	0.002865906809984923	0.5233177039803513	0.0	0.0
AACTC	0.006516554045613644	0.4926570089946647	5.761643484e-315	0.0
AACTG	0.0048543069779080055	0.25154020362284385	1.411841535560937e-75	0.0
AACTT	0.003946387132188249	0.138372464406483	1.4528671802010846e-23	0.0
AAG	0.004782950601898886	-0.4320756393126808	1.1557812654403993e-234	0.0
AAGA	0.0058205799173570855	-0.7439617253992135	0.0	0.0
AAGAA	0.0029735210248852135	0.3765226535483751	3.710256976043186e-174	0.0
AAGAC	0.006013254487664455	0.780565363268324	0.0	0.0
AAGAG	0.0033887801501904092	-0.2295495093147557	6.562010845098999e-63	0.0
AAGAT	0.004457102118743966	-0.5543542103534246	0.0	0.0
AAGC	0.003391019100086443	-0.4636042393366712	1.9850637226057057e-274	0.0
AAGCA	0.004304969122613569	0.4531901989484701	7.929367206692008e-261	0.0
AAGCC	0.004360425278563378	-0.06431202856018017	3.6152437748275096e-06	0.00015182898582433157
AAGCG	0.0030484610054835656	0.05963402382311008	1.7486713800874543e-05	0.0006642802025674799
AAGCT	0.006200141860469844	-0.8077449225525847	0.0	0.0
AAGG	0.004388082401875946	0.21825536221466432	6.695883637474479e-57	0.0
AAGGA	0.004913248275585565	-0.5013732563046756	0.0	0.0
AAGGC	0.0036380583640704604	-0.18489642096201342	4.613553008219092e-41	0.0
AAGGG	0.0032893212764097046	-0.6133172534839221	0.0	0.0
AAGGT	0.00228883328978191	0.17825590940431013	3.0457882360591705e-38	0.0
AAGT	0.002577257827592546	-0.17265841000579968	5.97212649187772e-36	0.0
AAGTA	0.003916379659322648	-0.6943866721397596	0.0	0.0
AAGTC	0.008590153773342962	0.6638535639028934	0.0	0.0
AAGTG	0.001944321063203871	0.5507194165754595	0.0	0.0
AAGTT	0.0029324826255740185	-0.6838379584820558	0.0	0.0
AAT	0.009790220307350135	-0.4263466227441877	7.032717983677653e-228	0.0
AATA	0.01816637120397494	-0.5475968061513241	0.0	0.0
AATAA	0.020958300484654163	-0.907340061809217	0.0	0.0
AATAC	0.011068384362384434	-0.8007309300253044	0.0	0.0
AATAG	0.0014983258391739257	-0.5599128861498768	0.0	0.0
AATAT	0.0030483442479626835	0.5705972646629219	0.0	0.0
AATC	0.003534587814979307	-0.3322052695275375	1.0918264058023527e-133	0.0
AATCA	0.007462642733942232	-0.7482633513779188	0.0	0.0
AATCC	0.0033807083849704874	-0.5022995229914623	0.0	0.0
AATCG	0.0015219751089007305	0.30953147422929733	2.04192218154837e-115	0.0
AATCT	0.002294976959259757	0.05882097311251991	2.2741320970222688e-05	0.0008410845335903305
AATG	0.003636642351791381	-0.0896086930364104	1.0416460534527473e-10	6.35403851756422e-09
AATGA	0.003404398624665326	-0.7405927720488008	0.0	0.0
AATGC	0.018528193516614885	-0.7308493819581756	0.0	0.0
AATGG	0.003242838545927541	0.3514880148818683	1.685918023869499e-150	0.0
AATGT	0.013907947164162956	0.7950730306672357	0.0	0.0
AATT	0.0007902125768188322	-0.07982281511846198	8.776719200177609e-09	4.739427287292486e-07
AATTA	0.0059145547289990216	-0.2723133137904682	9.482163506946169e-89	0.0
AATTC	0.0011323769427677565	0.33673708712971334	1.5642092096704552e-137	0.0
AATTG	0.0030483631481619455	-0.5704403236781563	0.0	0.0
AATTT	0.003522921359636777	0.39768355201853617	7.491817364364182e-196	0.0
ACA	0.002225027323519052	-0.23334258889875953	5.297097079416332e-65	0.0
ACAA	0.0033034867005348367	-0.5764463275276575	0.0	0.0
ACAAA	0.002798258268016945	-0.13491317468976816	1.803849472536573e-22	0.0
ACAAC	0.004469045842866592	0.7899519875934309	0.0	0.0
ACAAG	0.0032320836097815076	-0.3882464437738983	5.594659222432396e-186	0.0
ACAAT	0.005301761650849838	0.684793599151722	0.0	0.0
ACAC	0.003703910108375592	-0.4055848046119217	2.2751077602296365e-204	0.0
ACACA	0.004197807315947144	0.47553968153385034	1.3099003283118224e-290	0.0
ACACC	0.003920115833764356	0.7345654550196196	0.0	0.0
ACACG	0.004552688744421072	-0.7815980703804826	0.0	0.0
ACACT	0.01017617345801475	-0.6210379135026216	0.0	0.0
ACAG	0.005202832407599928	0.7957078935885139	0.0	0.0
ACAGA	0.0027706825044356773	0.5307411698689176	0.0	0.0
ACAGC	0.0022085958488180925	-0.4619414878406762	3.17162014343509e-272	0.0
ACAGG	0.03713845237685136	0.7234098351397809	0.0	0.0
ACAGT	0.0034440284504943294	0.11947674173699686	6.2515805935657e-18	0.0
ACAT	0.003073693321611481	-0.5382721984706518	0.0	0.0
ACATA	0.007761454947851472	0.8174086096668933	0.0	0.0
ACATC	0.004118296292419291	-0.5349064986760478	0.0	0.0
ACATG	0.008861142904188107	-0.7853676199835631	0.0	0.0
ACATT	0.005475956938663346	-0.6294444544587157	0.0	0.0
ACC	0.005943349620533181	0.815521447864727	0.0	0.0
ACCA	0.006410585196417102	0.5302708251297528	0.0	0.0
ACCAA	0.007692855042392221	0.598043389209927	0.0	0.0
ACCAC	0.004682939597776003	0.07671153201194197	3.240623735113044e-08	1.65271676644263e-06
ACCAG	0.0035971969840319466	-0.5676532303119732	0.0	0.0
ACCAT	0.004784735496033863	-0.6958031470904971	0.0	0.0
ACCC	0.0027437653432920675	0.09238949082378217	2.6989788725456922e-11	1.6733641139410338e-09
ACCCA	0.005238257459302634	0.31965570896725215	2.2219881066716956e-123	0.0
ACCCC	0.004052917167750904	-0.006378770130896159	0.6462427126017244	0.9642860147571082
ACCCG	0.00952760990257154	0.8314103716298555	0.0	0.0
ACCCT	0.007087161165364702	-0.5518042479960801	0.0	0.0
ACCG	0.002619032626086506	0.4518195664582464	4.512366254448111e-259	0.0
ACCGA	0.006418884023011637	0.5750886138646767	0.0	0.0
ACCGC	0.0069848077889656515	0.6899758165253821	0.0	0.0
ACCGG	0.001607380092990841	-0.4349394862321504	4.1884915017455766e-238	0.0
ACCGT	0.002039073923127838	-0.4816219361667668	4.178961745109125e-299	0.0
ACCT	0.0055321463065463395	0.7955163491273334	0.0	0.0
ACCTA	0.008115571016987842	0.5062696322954436	0.0	0.0
ACCTC	0.013252158994710751	0.8372197648475672	0.0	0.0
ACCTG	0.004287988387944299	-0.6497980143860824	0.0	0.0
ACCTT	0.01593307201176123	0.8619563309926863	0.0	0.0
ACG	0.00297802649550975	0.45219652195521387	1.4876303157256694e-259	0.0
ACGA	0.018946888109111916	-0.6471415806719398	0.0	0.0
ACGAA	0.0065222378219323964	0.6943489764628383	0.0	0.0
ACGAC	0.004196242273070851	0.16193262106644912	9.01729364428599e-32	0.0
ACGAG	0.003144099976883307	-0.6728489311355184	0.0	0.0
ACGAT	0.003101895484831101	-0.7337138009161469	0.0	0.0
ACGC	0.0032560110507299737	0.051423460436585085	0.00021338695058764498	0.006593865772421492
ACGCA	0.0013069035657645848	0.12984917564533502	6.410605347197715e-21	0.0
ACGCC	0.003899132861986206	-0.7193056234265494	0.0	0.0
ACGCG	0.004028686945993307	0.6482813283498504	0.0	0.0
ACGCT	0.003923172914264132	0.27960049182386415	1.1762151992238956e-93	0.0
ACGG	0.012383654349652334	0.8656648910626075	0.0	0.0
ACGGA	0.00523686481420954	0.6788150249675386	0.0	0.0
ACGGC	0.027727094265207492	0.8583110136916191	0.0	0.0
ACGGG	0.012510375603384298	0.7376831564238664	0.0	0.0
ACGGT	0.0058926423424140815	0.6651976587485311	0.0	0.0
ACGT	0.002210601625142638	0.714694099951083	0.0	0.0
ACGTA	0.005187633097348261	0.6997429797789996	0.0	0.0
ACGTC	0.002054804691808212	-0.3655052106575897	1.7464774466610197e-163	0.0
ACGTG	0.007292239358654832	0.32922506823876646	3.3933715299392975e-131	0.0
ACGTT	0.008283627093343258	-0.7422345103254863	0.0	0.0
ACT	0.0014999822139110527	-0.1301890826317026	5.066358586780055e-21	0.0
ACTA	0.002748965503122498	-0.43849048288528875	2.038538285802834e-242	0.0
ACTAA	0.022249836744073832	-0.7928756419191378	0.0	0.0
ACTAC	0.0067998301404792565	-0.16479803964489917	7.345532247725423e-33	0.0
ACTAG	0.0017720140787428058	-0.4467002737102471	1.3778640687682148e-252	0.0
ACTAT	0.002454204929060851	0.5312387358743942	0.0	0.0
ACTC	0.009418755324343138	0.6303328795677856	0.0	0.0
ACTCA	0.025015948821780442	0.6314476958891617	0.0	0.0
ACTCC	0.003818412830397255	-0.6601823728001116	0.0	0.0
ACTCG	0.0021400084918762616	0.44045539337048567	7.955757145661535e-245	0.0
ACTCT	0.004244356642221705	0.6515654429017601	0.0	0.0
ACTG	0.007657288968663273	-0.08473965835073105	1.0062338273418597e-09	5.836156302674311e-08
ACTGA	0.0018711161633849184	-0.2820043882053137	2.6234769249846823e-95	0.0
ACTGC	0.0021841992595383933	-0.7027012961831842	0.0	0.0
ACTGG	0.002366089638627818	0.5316446958403078	0.0	0.0
ACTGT	0.016506204247008296	-0.8590427523456645	0.0	0.0
ACTT	0.006773748000022283	-0.19079789908286388	1.1651635068738005e-43	0.0
ACTTA	0.0020068991486088287	-0.4354809802268833	9.283902771661504e-239	0.0
ACTTC	0.007533856820852529	0.7033491644489602	0.0	0.0
ACTTG	0.005158121192063428	-0.5994658294196428	0.0	0.0
ACTTT	0.004341103876161289	-0.4156393469100066	1.5103850559641672e-215	0.0
AGA	0.0046428895659704865	0.5077065200688421	0.0	0.0
AGAA	0.007769011096766896	0.7584489308176553	0.0	0.0
AGAAA	0.001993993620352883	-0.02700035025885766	0.051996792401246654	0.5264811251097621
AGAAC	0.0036105748552702596	0.6657159311706373	0.0	0.0
AGAAG	0.0029623812498021074	0.5955653412789305	0.0	0.0
AGAAT	0.006567231467525658	0.6478985416616212	0.0	0.0
AGAC	0.002169027429749654	0.4153846175448582	2.9311633548030245e-215	0.0
AGACA	0.002771546485339906	0.5614583758839398	0.0	0.0
AGACC	0.005443090067216866	-0.7202623038269174	0.0	0.0
AGACG	0.005550200649065381	0.46594966783231506	1.4747920088679615e-277	0.0
AGACT	0.004094774303384443	0.26448775719418477	1.2010630455506514e-83	0.0
AGAG	0.03580836441553756	0.8268399330585817	0.0	0.0
AGAGA	0.019132479300986126	0.6720041099077965	0.0	0.0
AGAGC	0.01283046781863548	0.6269467998323257	0.0	0.0
AGAGG	0.013406681657851752	0.7516481155482961	0.0	0.0
AGAGT	0.008757084501283619	0.7876013462883507	0.0	0.0
AGAT	0.010726400851514481	-0.6938508888322353	0.0	0.0
AGATA	0.002387377725115258	-0.5784022620266427	0.0	0.0
AGATC	0.005125143989340367	-0.5576889214733065	0.0	0.0
AGATG	0.007126956515697341	-0.6596877562048067	0.0	0.0
AGATT	0.004353750872992556	-0.6615485971457024	0.0	0.0
AGC	0.011976018303920304	0.582466130197927	0.0	0.0
AGCA	0.010762978650928064	0.8647919206813643	0.0	0.0
AGCAA	0.006289136179319082	-0.801472553861746	0.0	0.0
AGCAC	0.006586457941936452	-0.15695284546323632	6.317333229438535e-30	0.0
AGCAG	0.03317608901717082	0.8681901162860595	0.0	0.0
AGCAT	0.01247124363304251	0.7775163701881895	0.0	0.0
AGCC	0.0029623327091383173	-0.7184098173872226	0.0	0.0
AGCCA	0.005404453057493806	-0.7727397528562189	0.0	0.0
AGCCC	0.020511617189449823	-0.8615951385386049	0.0	0.0
AGCCG	0.005652057881069078	-0.5753552198876454	0.0	0.0
AGCCT	0.006504705486955881	0.7841368360156604	0.0	0.0
AGCG	0.002646935440477253	0.35821065303715993	1.2056763255307367e-156	0.0
AGCGA	0.014664138805081522	0.7415254759235377	0.0	0.0
AGCGC	0.0021266573575093577	0.2463627995347339	1.7733515744373916e-72	0.0
AGCGG	0.0036886648893380684	0.40528100235793457	4.884245775589071e-204	0.0
AGCGT	0.004182930953665081	-0.5191476240122384	0.0	0.0
AGCT	0.0031564718632726414	0.534657971027549	0.0	0.0
AGCTA	0.018722612574805637	0.31097853077619264	1.55197365420522e-116	0.0
AGCTC	0.006046795820490224	0.8117357103902257	0.0	0.0
AGCTG	0.002373499100694989	-0.6617114559451744	0.0	0.0
AGCTT	0.007494584635978624	0.7196938352480722	0.0	0.0
AGG	0.0032172797905339855	0.1814128035913495	1.4348997428652184e-39	0.0
AGGA	0.007931498028975692	0.8286364116384091	0.0	0.0
AGGAA	0.008908009972846978	0.5191768501684388	0.0	0.0
AGGAC	0.006514927435204185	0.6636047698542127	0.0	0.0
AGGAG	0.003043364297541928	0.3888444077728618	1.3543572105771618e-186	0.0
AGGAT	0.004399195354849389	-0.657938899111562	0.0	0.0
AGGC	0.0035983933657042794	-0.5516300386315297	0.0	0.0
AGGCA	0.004597534589911603	-0.32514542201007957	7.898853655421995e-128	0.0
AGGCC	0.004575445017444427	-0.7080082708483872	0.0	0.0
AGGCG	0.002623532721853411	-0.5825634466999602	0.0	0.0
AGGCT	0.02239003299464737	0.5975613707516669	0.0	0.0
AGGG	0.0018361313637886326	-0.07065824639954366	3.569953945945866e-07	1.6778645777093537e-05
AGGGA	0.01522895525987681	0.4834413700113191	1.1116047830066917e-301	0.0
AGGGC	0.003979557045380441	-0.4003554238859463	1.0475818618206717e-198	0.0
AGGGG	0.006620449991900537	-0.5956398729337148	0.0	0.0
AGGGT	0.0030958350550787206	0.674681621178044	0.0	0.0
AGGT	0.0021330012946086424	0.5627773064372656	0.0	0.0
AGGTA	0.0015288585843852539	0.21598609047031786	9.842695066172988e-56	0.0
AGGTC	0.003976365740837159	0.7445375151119445	0.0	0.0
AGGTG	0.006538553324205241	-0.6867741053498826	0.0	0.0
AGGTT	0.005898326834412332	0.8352037930989822	0.0	0.0
AGT	0.007470363242877588	0.7901687364332993	0.0	0.0
AGTA	0.004738502844433697	0.7640710151419996	0.0	0.0
AGTAA	0.0047669193368178875	-0.042262142984967326	0.002347580947753477	0.05927917430365659
AGTAC	0.007728547063955716	0.7879925579982471	0.0	0.0
AGTAG	0.013422446028234183	0.8895522848010075	0.0	0.0
AGTAT	0.006940635340156202	0.34812395584795774	1.7630248804853914e-147	0.0
AGTC	0.009842480615378584	0.5143389017002797	0.0	0.0
AGTCA	0.003609952477129988	-0.6654689326004514	0.0	0.0
AGTCC	0.013724826568884681	0.7414702051522408	0.0	0.0
AGTCG	0.005687296059635819	0.7971689541666911	0.0	0.0
AGTCT	0.005069586636750206	0.35263533659544183	1.543707409801753e-151	0.0
AGTG	0.003653882484876619	0.5563147517094322	0.0	0.0
AGTGA	0.010913161250604462	-0.683123590640406	0.0	0.0
AGTGC	0.009359601275999862	0.660338239495905	0.0	0.0
AGTGG	0.0031581925792862854	-0.7621723134942218	0.0	0.0
AGTGT	0.012699552087601419	0.8171765645628811	0.0	0.0
AGTT	0.0019247124177517291	-0.3726053524928795	2.5823326459764417e-170	0.0
AGTTA	0.008704673159151792	0.6709733661104577	0.0	0.0
AGTTC	0.0017509934049805816	0.2361551529418845	1.4045222627505695e-66	0.0
AGTTG	0.002160171311201118	0.23934959470055497	2.145292531774148e-68	0.0
AGTTT	0.004064029745809264	0.22285758597701238	2.6149544265466666e-59	0.0
ATA	0.003925517464922822	-0.14904229518029055	4.070080660919183e-27	0.0
ATAA	0.00871591891879653	-0.5814617467210004	0.0	0.0
ATAAA	0.03982806719166607	-0.7862702065888567	0.0	0.0
ATAAC	0.0027598241468951195	0.36832900200540064	3.518797499303241e-166	0.0
ATAAG	0.009596680654631177	0.795005110041896	0.0	0.0
ATAAT	0.0014246238310172666	-0.49116174035376714	8.788779441e-313	0.0
ATAC	0.006377803739812812	0.8292000605770097	0.0	0.0
ATACA	0.0035213447740169513	0.8127572839402997	0.0	0.0
ATACC	0.0014862952065874389	-0.5458806996334971	0.0	0.0
ATACG	0.004035499510907943	-0.7801076410893322	0.0	0.0
ATACT	0.008750590803449445	0.7961609083198806	0.0	0.0
ATAG	0.003964207905374015	-0.6402851099021084	0.0	0.0
ATAGA	0.0020459479666774753	-0.5490385608364765	0.0	0.0
ATAGC	0.005897651664988933	0.7782559162592959	0.0	0.0
ATAGG	0.004594162791578501	-0.78947004395777	0.0	0.0
ATAGT	0.006374460610393335	0.8270535214048407	0.0	0.0
ATAT	0.005070448498887434	0.7810548727042043	0.0	0.0
ATATA	0.006232896428301108	0.7771391598875335	0.0	0.0
ATATC	0.002114501613611091	0.32513924231131686	7.991436693295937e-128	0.0
ATATG	0.0030729750450220403	-0.1659977828531628	2.535881716469305e-33	0.0
ATATT	0.01519732254838147	0.884231445773715	0.0	0.0
ATC	0.013088740629594087	-0.5818166860327352	0.0	0.0
ATCA	0.011125112489487752	-0.7592584009189955	0.0	0.0
ATCAA	0.004008637476543203	-0.4534007546094149	4.254981565997584e-261	0.0
ATCAC	0.017213336025021397	0.5262028792110762	0.0	0.0
ATCAG	0.005242750948529053	0.32002683786696123	1.1191434444416837e-123	0.0
ATCAT	0.036027763306548485	-0.7973957778431038	0.0	0.0
ATCC	0.002507195467601182	0.11038972146673057	1.6200117963226988e-15	1.1657341758564144e-13
ATCCA	0.004874630543261094	0.6335707243471171	0.0	0.0
ATCCC	0.005809089952771555	-0.49537900977362015	5.7266e-319	0.0
ATCCG	0.0064682685129501425	0.5032344724578358	0.0	0.0
ATCCT	0.006760377737763555	-0.5836702218557361	0.0	0.0
ATCG	0.0029678947515437474	-0.29089309312908995	1.4715037763542447e-101	0.0
ATCGA	0.005667819995104535	-0.749772662183589	0.0	0.0
ATCGC	0.002722239960660245	-0.7769967412304806	0.0	0.0
ATCGG	0.021060793162878635	0.6247325147551428	0.0	0.0
ATCGT	0.003706634223540423	0.6183729987247352	0.0	0.0
ATCT	0.005704442177067011	0.22214012843547995	6.259377267301997e-59	0.0
ATCTA	0.001707264319195697	0.6380158437972621	0.0	0.0
ATCTC	0.0184066684854712	-0.7578402549049225	0.0	0.0
ATCTG	0.004709574310241679	-0.8448376951121144	0.0	0.0
ATCTT	0.005052362128668724	0.5325285953460004	0.0	0.0
ATG	0.0033517826697882537	0.539671972167006	0.0	0.0
ATGA	0.001836137859402	-0.05795178479664734	3.0006194550918507e-05	0.0010197056678329375
ATGAA	0.002224200191270911	-0.5358218677680898	0.0	0.0
ATGAC	0.004601031241270631	-0.47511538868117625	5.052796604874236e-290	0.0
ATGAG	0.003565539284594684	-0.28984165627469666	8.300441547755512e-101	0.0
ATGAT	0.002215659404218279	0.5205910383991357	0.0	0.0
ATGC	0.003922889010758967	0.5282057106114156	0.0	0.0
ATGCA	0.0143982779706966	0.8624397787418926	0.0	0.0
ATGCC	0.0027812756063489742	0.06382444240607359	4.28277727001118e-06	0.0001755788283207549
ATGCG	0.003265498499902834	0.3376150279286919	2.7675514206476746e-138	0.0
ATGCT	0.004546729474130015	-0.5778225580598857	0.0	0.0
ATGG	0.004391154711477764	-0.6998151514853528	0.0	0.0
ATGGA	0.0028570409211960274	0.6580339100277184	0.0	0.0
ATGGC	0.006202568167750131	-0.5881244087608561	0.0	0.0
ATGGG	0.0027831352825374005	-0.2305684314187929	1.813540289142701e-63	0.0
ATGGT	0.003324009743392853	-0.20589441661041652	1.0564407502721267e-50	0.0
ATGT	0.004874520656126199	0.6403189164868239	0.0	0.0
ATGTA	0.0023392018016884612	-0.058676213094175256	2.3822157922214683e-05	0.0008572402597238904
ATGTC	0.004355350140505576	0.41779716181150395	5.367829292990397e-218	0.0
ATGTG	0.008469628879809421	0.6210410798383528	0.0	0.0
ATGTT	0.0022961548899161272	0.5738826033194088	0.0	0.0
ATT	0.0011266623389339597	-0.49311354119898787	1.235245043e-315	0.0
ATTA	0.0023082233486592845	-0.23940267507379334	2.0002335447569244e-68	0.0
ATTAA	0.015982380865969634	-0.9146442152101453	0.0	0.0
ATTAC	0.0024623463324040646	0.11957671074396911	5.86645583409145e-18	0.0
ATTAG	0.002845838178169008	0.6494489386867839	0.0	0.0
ATTAT	0.00217383460664039	0.6910297792243012	0.0	0.0
ATTC	0.004061383329218895	0.6347164169866208	0.0	0.0
ATTCA	0.012004142340246295	0.622031223245074	0.0	0.0
ATTCC	0.004811801086476971	-0.4102794880537175	1.5331324455878184e-209	0.0
ATTCG	0.0026450610250504584	-0.5338639645091683	0.0	0.0
ATTCT	0.0017485162841775973	0.31324330120780813	2.670644275674176e-118	0.0
ATTG	0.00433986637093658	-0.8242971940504821	0.0	0.0
ATTGA	0.004873401252970629	-0.8147381681623429	0.0	0.0
ATTGC	0.01817355288414231	-0.8626086547437541	0.0	0.0
ATTGG	0.003087871112250389	0.3390501879983988	1.611356193812958e-139	0.0
ATTGT	0.0023615991496484722	-0.36733423775668056	3.156141414481592e-165	0.0
ATTT	0.004077203825651337	-0.570736020734351	0.0	0.0
ATTTA	0.003377589880211001	0.7940289665803981	0.0	0.0
ATTTC	0.0037207617599295884	0.5719879763970896	0.0	0.0
ATTTG	0.0033134662816769866	-0.5494484866946396	0.0	0.0
ATTTT	0.0030399991657895243	-0.6271679353689091	0.0	0.0
CAA	0.005696621653429368	-0.7667466850823655	0.0	0.0
CAAA	0.007228907744944614	-0.7722714085920928	0.0	0.0
CAAAA	0.007995270611301286	-0.6875068972205272	0.0	0.0
CAAAC	0.004149330010808658	-0.21787792286451962	1.0492635003360665e-56	0.0
CAAAG	0.012355781456326952	-0.6503366568038167	0.0	0.0
CAAAT	0.009504703596302733	-0.8130747854145389	0.0	0.0
CAAC	0.005014653579689854	0.45447016051063904	1.7902081640519613e-262	0.0
CAACA	0.0031247331909989785	-0.6418120486513739	0.0	0.0
CAACC	0.004078967845185681	-0.1967625721001487	2.2516384236195796e-46	0.0
CAACG	0.00856012140086763	0.7779394703408383	0.0	0.0
CAACT	0.009649132637941156	0.7992725015686448	0.0	0.0
CAAG	0.0033889333358303074	-0.797594580241846	0.0	0.0
CAAGA	0.007706638786265104	-0.7254270205196512	0.0	0.0
CAAGC	0.0036729618559407065	0.6110162218018851	0.0	0.0
CAAGG	0.003984818799049337	0.19598507003736249	5.14420649822794e-46	0.0
CAAGT	0.00801001216149556	-0.8864832679686521	0.0	0.0
CAAT	0.003258459187307054	-0.04691153069894498	0.0007318216898279214	0.02172326422799775
CAATA	0.00475391457704932	-0.8732953075915169	0.0	0.0
CAATC	0.0030610873668837297	-0.6178773728056944	0.0	0.0
CAATG	0.010110861382789545	0.7238027822590034	0.0	0.0
CAATT	0.00326725748972154	0.6076650667621432	0.0	0.0
CAC	0.0023873614620029448	-0.01800171837322598	0.19517681189262145	0.8859737595752906
CACA	0.0038345508742916863	0.6395512185056365	0.0	0.0
CACAA	0.024325210879939455	0.6724679299527297	0.0	0.0
CACAC	0.00994963798426521	0.37758618580863024	3.288113493710578e-175	0.0
CACAG	0.004614180969510254	0.56606534375309	0.0	0.0
CACAT	0.00822611121288035	-0.8344651374706527	0.0	0.0
CACC	0.0026682555776756083	0.29881757748388815	2.5192592201048567e-107	0.0
CACCA	0.0021236432657732725	0.5696112481452679	0.0	0.0
CACCC	0.004802595657241044	-0.21489494837255552	3.545360676841102e-55	0.0
CACCG	0.002658083173090865	0.6199004220529961	0.0	0.0
CACCT	0.002296607667654949	0.10995379504634059	2.0917718328368086e-15	1.4555023852835802e-13
CACG	0.003865777577731684	-0.44139847010648037	5.48245649826992e-246	0.0
CACGA	0.0037272920504773637	-0.4816106936279626	4.3344301241443863e-299	0.0
CACGC	0.0032540879382735076	-0.6459237898288791	0.0	0.0
CACGG	0.0024614289693779376	-0.16818601879539036	3.5699789026759527e-34	0.0
CACGT	0.008151412806152003	-0.6667151965476251	0.0	0.0
CACT	0.003584047255443826	-0.7842815102097461	0.0	0.0
CACTA	0.03611910483783016	-0.8281923846297683	0.0	0.0
CACTC	0.0028777502211758824	-0.7414539492789252	0.0	0.0
CACTG	0.003509903789068778	-0.029276067972644017	0.03511700851500462	0.4150486280806257
CACTT	0.007181871744379794	-0.015037004232547412	0.27923186129436267	0.9467616338803531
CAG	0.041693376871225755	0.8391461650094229	0.0	0.0
CAGA	0.008227214381854234	0.7908468968405069	0.0	0.0
CAGAA	0.002831016569315669	0.6875409340153534	0.0	0.0
CAGAC	0.005120429230786956	-0.13701499489239394	3.9343959383728255e-23	0.0
CAGAG	0.035792211840251595	0.8410641927483558	0.0	0.0
CAGAT	0.006886994801889913	-0.7000291113649963	0.0	0.0
CAGC	0.010419376480203234	0.6406235626648511	0.0	0.0
CAGCA	0.02471009543870348	0.7275552228866868	0.0	0.0
CAGCC	0.004803664912762692	-0.5212153643568203	0.0	0.0
CAGCG	0.007517804515494418	0.6748552581469586	0.0	0.0
CAGCT	0.0030760564697979104	0.38378202050579974	2.0266309967670843e-181	0.0
CAGG	0.003987173911155455	0.5874153711690265	0.0	0.0
CAGGA	0.009561423210914638	0.8310323948230248	0.0	0.0
CAGGC	0.0053475503600707045	0.30304576596108806	1.7738625522853998e-110	0.0
CAGGG	0.0017997340585808148	0.10102384280117088	3.150440533723733e-13	2.0795365429648882e-11
CAGGT	0.0071292758678310275	0.6909604829148139	0.0	0.0
CAGT	0.006512264898944208	0.8520423384903054	0.0	0.0
CAGTA	0.005060146277274241	0.8409107862059488	0.0	0.0
CAGTC	0.012578775713777706	0.7506278016928558	0.0	0.0
CAGTG	0.006785855859764368	-0.5438101660552366	0.0	0.0
CAGTT	0.007494818615189097	0.681872321212147	0.0	0.0
CAT	0.004624167993424489	-0.6694557197135869	0.0	0.0
CATA	0.0034643969688467734	0.6343021431999193	0.0	0.0
CATAA	0.0018438226647039346	0.1247188411353823	2.0733709352865515e-19	0.0
CATAC	0.0070456642832311175	0.565546370002893	0.0	0.0
CATAG	0.0036766950901872455	-0.8203930073731215	0.0	0.0
CATAT	0.011818048849630843	0.8118892023009545	0.0	0.0
CATC	0.0033421175909193594	-0.6839422692931187	0.0	0.0
CATCA	0.003021869254033776	0.6104239092382058	0.0	0.0
CATCC	0.003735256209394325	-0.4340351100796057	5.154955745091073e-237	0.0
CATCG	0.029873860926630934	0.5152938509257827	0.0	0.0
CATCT	0.02836931659943278	-0.8188115958697693	0.0	0.0
CATG	0.0036894822630448246	-0.4893511480793549	3.74321543431915e-310	0.0
CATGA	0.003062759973023415	0.487714508512503	8.636905959128854e-308	0.0
CATGC	0.011094088787117014	0.7194703254023139	0.0	0.0
CATGG	0.003344406706657107	-0.2643439140045422	1.4851187094669163e-83	0.0
CATGT	0.0016196387908831162	-0.22281883920999873	2.7413856151773525e-59	0.0
CATT	0.002468300069338035	-0.7320614061855404	0.0	0.0
CATTA	0.014234831860913146	0.6879658926351523	0.0	0.0
CATTC	0.004293513394231255	-0.5997060745052977	0.0	0.0
CATTG	0.005392326331933462	-0.8054212719855709	0.0	0.0
CATTT	0.0034750685065501946	-0.8147495817214505	0.0	0.0
CCA	0.004103878066023581	-0.6578347853922841	0.0	0.0
CCAA	0.014408042580600933	-0.6686352865276035	0.0	0.0
CCAAA	0.014520935878701638	-0.843072272957484	0.0	0.0
CCAAC	0.007641067545036431	0.3845077513630801	3.719631001049041e-182	0.0
CCAAG	0.003725486657320644	-0.6898470311728058	0.0	0.0
CCAAT	0.005701715194549576	-0.607352466435954	0.0	0.0
CCAC	0.0019365528724794563	-0.7034181166832421	0.0	0.0
CCACA	0.0034908447428510657	-0.4131181167184487	1.0427306338889336e-212	0.0
CCACC	0.004006491474944377	-0.01893472947369378	0.1730187918903428	0.8762765417066872
CCACG	0.0036743303732723843	0.7517498409099921	0.0	0.0
CCACT	0.0034049422726093463	-0.5976531693743808	0.0	0.0
CCAG	0.0018700010959472682	0.2205818017400003	4.123409116245986e-58	0.0
CCAGA	0.007810130835024361	0.8293184604088878	0.0	0.0
CCAGC	0.004866641680244054	0.5819152559913876	0.0	0.0
CCAGG	0.0017917334801807402	0.19021592109348043	2.120376847065502e-43	0.0
CCAGT	0.0025339446449228827	-0.12341060616606511	4.918624717736008e-19	0.0
CCAT	0.007368328019547447	-0.7962054281245793	0.0	0.0
CCATA	0.005669095347048568	0.26665325280628605	4.8379075030778774e-85	0.0
CCATC	0.005320008959948088	-0.7021995662187326	0.0	0.0
CCATG	0.0023321607496525443	0.3175675835088302	1.0344944197774762e-121	0.0
CCATT	0.008417472348789487	-0.8113104236227557	0.0	0.0
CCC	0.0027729245002226705	-0.6617706690186335	0.0	0.0
CCCA	0.010204806872802275	-0.6083317416416413	0.0	0.0
CCCAA	0.012312759984359519	-0.7838305837866907	0.0	0.0
CCCAC	0.0027136558492214555	-0.448392541541848	1.018196176636561e-254	0.0
CCCAG	0.009594210889585895	-0.4452512922637216	9.00717754660736e-251	0.0
CCCAT	0.008195919417740925	-0.7336603130131336	0.0	0.0
CCCC	0.005665792066259157	-0.18511044137246252	3.726867249094739e-41	0.0
CCCCA	0.005283035890340854	-0.6892277815953094	0.0	0.0
CCCCC	0.0017785235835068988	0.0202099183152238	0.14584926512856292	0.8524224558354633
CCCCG	0.003680788583880486	-0.0712317100055878	2.867001620832143e-07	1.3761515060828344e-05
CCCCT	0.005800407296022663	-0.5739380983769706	0.0	0.0
CCCG	0.008664477093740675	-0.6709576972254476	0.0	0.0
CCCGA	0.003648214863038149	0.17620388569129034	2.152909265509204e-37	0.0
CCCGC	0.0022032105528916918	-0.6147200669118164	0.0	0.0
CCCGG	0.0016998734817299207	-0.25831552738533214	9.641792387406e-80	0.0
CCCGT	0.0028649826213085995	0.4361314165916144	1.514195531010537e-239	0.0
CCCT	0.0025615568925661573	-0.4094325401755397	1.3325658361110482e-208	0.0
CCCTA	0.006820475494922917	0.7739402495967541	0.0	0.0
CCCTC	0.024897132540797545	-0.885781954500402	0.0	0.0
CCCTG	0.002791001020859801	0.1475008399080895	1.378994323873309e-26	0.0
CCCTT	0.006579438964411194	-0.2657493273437588	1.8557030530193887e-84	0.0
CCG	0.010113423396400948	-0.5031716711724281	0.0	0.0
CCGA	0.003085936544983411	0.5750706835931665	0.0	0.0
CCGAA	0.0027837763103072642	0.6503169699385958	0.0	0.0
CCGAC	0.001623577463516473	0.3248148693687434	1.4726517577926606e-127	0.0
CCGAG	0.0017867422495164659	0.5262320417861144	0.0	0.0
CCGAT	0.007876669076795316	0.5746869955025511	0.0	0.0
CCGC	0.004502725481655067	-0.5156964691451127	0.0	0.0
CCGCA	0.0021486480787109305	0.20782303936606675	1.2093998510597638e-51	0.0
CCGCC	0.003459275148046517	-0.4657556781066867	2.682020307417626e-277	0.0
CCGCG	0.009815902734503456	-0.7654202417713912	0.0	0.0
CCGCT	0.0012937303468063778	0.70884646650954	0.0	0.0
CCGG	0.01125709455584202	-0.6845187843425533	0.0	0.0
CCGGA	0.02567140788071514	0.6193525353537866	0.0	0.0
CCGGC	0.03367465403008567	-0.748417539672108	0.0	0.0
CCGGG	0.014930812622104078	-0.8537614126480925	0.0	0.0
CCGGT	0.005115888663512289	0.6845940178707002	0.0	0.0
CCGT	0.00398075345481617	0.384683917502108	2.463157704812109e-182	0.0
CCGTA	0.0015047602337060408	0.6306630666649673	0.0	0.0
CCGTC	0.002231270736856959	0.5200376182098301	0.0	0.0
CCGTG	0.003784198479714826	-0.473398097728654	1.1696820458977042e-287	0.0
CCGTT	0.008712293372025033	0.609524092684549	0.0	0.0
CCT	0.0035264517572339946	0.5154047645868711	0.0	0.0
CCTA	0.0033993801140818074	-0.784566538043565	0.0	0.0
CCTAA	0.0029134480397193	0.48958039516303875	1.7426517837502e-310	0.0
CCTAC	0.006356077664426552	0.4179219762444299	3.8687769178817724e-218	0.0
CCTAG	0.014427173579468757	-0.7813400874257086	0.0	0.0
CCTAT	0.0034952317600870277	0.23145965970758564	5.858272943631785e-64	0.0
CCTC	0.0030867778092328203	0.03460270622165988	0.012753541573535964	0.22640850013736535
CCTCA	0.003418218763030514	-0.5783095362911737	0.0	0.0
CCTCC	0.0022957106927773644	0.4588119984113833	4.126017317320991e-268	0.0
CCTCG	0.0016281875445665454	-0.4950326945004446	1.858507e-318	0.0
CCTCT	0.004656121370756473	-0.4424638763508747	2.64330730208992e-247	0.0
CCTG	0.0050941837340375455	0.03250102658249901	0.019323826033346456	0.29618060186767003
CCTGA	0.004946643462900792	0.1559752869904401	1.4315100744590868e-29	0.0
CCTGC	0.01068509840486426	0.6875964470463368	0.0	0.0
CCTGG	0.0031096381625516385	-0.575790933158132	0.0	0.0
CCTGT	0.0071116359252444234	-0.7869532353497535	0.0	0.0
CCTT	0.01899647981050652	0.6772322159674897	0.0	0.0
CCTTA	0.004124622629237332	0.8013153067812693	0.0	0.0
CCTTC	0.004046958661284944	0.4216668076815048	1.9597317430829463e-222	0.0
CCTTG	0.003612590785844276	-0.15049378179034426	1.2746566347470706e-27	0.0
CCTTT	0.006502943621025454	0.7976757463019243	0.0	0.0
CGA	0.0035940750882134005	-0.15411567457169878	6.687614213582387e-29	0.0
CGAA	0.0036448756475780785	0.6682988653597117	0.0	0.0
CGAAA	0.00298209085106416	-0.4211337774309476	8.071026241844976e-222	0.0
CGAAC	0.00355236082741428	0.6732548515877181	0.0	0.0
CGAAG	0.02690053508170181	0.6705713055104376	0.0	0.0
CGAAT	0.0035927087623654	0.5642425634091977	0.0	0.0
CGAC	0.004292515053846948	0.24063701255614295	3.907499666916127e-69	0.0
CGACA	0.005825731158504571	-0.6761407339884101	0.0	0.0
CGACC	0.0043712685050574145	-0.507268212404788	0.0	0.0
CGACG	0.0020757845821404736	-0.22380793558506426	8.190009227999107e-60	0.0
CGACT	0.01436740026200949	0.6282904798053577	0.0	0.0
CGAG	0.0022005468397675396	0.43203077269626716	1.3077285649191966e-234	0.0
CGAGA	0.0036122438567245964	-0.5579943825685464	0.0	0.0
CGAGC	0.0036821478855235657	-0.5490756660296429	0.0	0.0
CGAGG	0.0030537833797731713	0.16987457794867067	7.720853085401872e-35	0.0
CGAGT	0.00938498200877317	0.688422429807649	0.0	0.0
CGAT	0.0045108605869898	0.46618893979089865	7.049204316470065e-278	0.0
CGATA	0.0013518878349241853	-0.01160119746571944	0.40383568706148804	0.9551052196873081
CGATC	0.0014189696208805449	-0.6597286616725195	0.0	0.0
CGATG	0.00588352281248367	0.5426336879546199	0.0	0.0
CGATT	0.004685088313192678	0.5953104126845078	0.0	0.0
CGC	0.01099849246419679	-0.48452097642037906	3.2400746645155536e-303	0.0
CGCA	0.004736674946466142	-0.548614578963861	0.0	0.0
CGCAA	0.0026469077329777262	0.5925281079767263	0.0	0.0
CGCAC	0.007632661368305783	-0.7444307665773379	0.0	0.0
CGCAG	0.003726672960579559	0.6276664685654907	0.0	0.0
CGCAT	0.0021582268847941226	0.13781395365002455	2.1915966954743908e-23	0.0
CGCC	0.03344439340278933	-0.6047643493018819	0.0	0.0
CGCCA	0.002735285141720362	-0.18697607143179007	5.734928828357956e-42	0.0
CGCCC	0.00361625719115963	-0.8247076759351468	0.0	0.0
CGCCG	0.03052588440155295	-0.7498058664594422	0.0	0.0
CGCCT	0.003056473908424751	-0.41262630319903126	3.7080864698004063e-212	0.0
CGCG	0.011528158514773509	-0.80350137816915	0.0	0.0
CGCGA	0.0030653923334930775	-0.48431485322167045	6.369796236230984e-303	0.0
CGCGC	0.011799114503220376	-0.7397358041389186	0.0	0.0
CGCGG	0.007730484327353647	-0.8919722385782958	0.0	0.0
CGCGT	0.002916918764051828	0.2722909458692573	9.811531358797428e-89	0.0
CGCT	0.007071883507601457	0.43974300807530503	5.96732573200224e-244	0.0
CGCTA	0.006173194406871918	0.5745031164287715	0.0	0.0
CGCTC	0.004214715393936179	-0.5365112629275115	0.0	0.0
CGCTG	0.0021950682783481467	0.6822816090165115	0.0	0.0
CGCTT	0.0059389120738645995	0.30952850206757637	2.0527278191358767e-115	0.0
CGG	0.00462977411616255	-0.23818614505253316	9.90954345950963e-68	0.0
CGGA	0.005432849383630059	0.7970236758069936	0.0	0.0
CGGAA	0.006054899900141221	0.695584204505489	0.0	0.0
CGGAC	0.013453962437083003	0.7464248580260966	0.0	0.0
CGGAG	0.0014886595115297576	0.2711012391158486	6.004205829438626e-88	0.0
CGGAT	0.007672972495113499	0.752284035431275	0.0	0.0
CGGC	0.008471272156461507	-0.5873730059592159	0.0	0.0
CGGCA	0.002464146346687877	-0.38789672652603097	1.2807625554161532e-185	0.0
CGGCC	0.004147638992063438	-0.5742171830274798	0.0	0.0
CGGCG	0.01597053215360141	-0.8006705218676607	0.0	0.0
CGGCT	0.001622581485435793	-0.07379436396145692	1.0542685945631256e-07	5.165903042780862e-06
CGGG	0.0045984352012429855	-0.4838308576913411	3.109312152391528e-302	0.0
CGGGA	0.005030739402758313	0.5831187578108417	0.0	0.0
CGGGC	0.004223377096011977	-0.8182345554052137	0.0	0.0
CGGGG	0.002976515416180801	-0.4982877049499011	3e-323	0.0
CGGGT	0.0025648008110588268	-0.643473616542955	0.0	0.0
CGGT	0.007645812754496267	0.6858410210086047	0.0	0.0
CGGTA	0.001452067451848798	-0.0627621555832294	6.169427926930137e-06	0.0002467474311628193
CGGTC	0.011142067251856267	0.7966241673063643	0.0	0.0
CGGTG	0.022281971784265615	0.6419836058085899	0.0	0.0
CGGTT	0.013474517075830904	-0.720560984100973	0.0	0.0
CGT	0.003837523074323528	-0.134366931210809	2.669126695279354e-22	0.0
CGTA	0.011762665736774675	0.7811201957198171	0.0	0.0
CGTAA	0.0026334432706956465	-0.7014602548426698	0.0	0.0
CGTAC	0.024382249509596037	0.6822007805467095	0.0	0.0
CGTAG	0.001289670926940297	0.2322039050529881	2.27166228437897e-64	0.0
CGTAT	0.00788571875447635	0.7447025046916977	0.0	0.0
CGTC	0.003685986891417477	-0.0661650838216942	1.8780598178629444e-06	8.450920006120022e-05
CGTCA	0.0038919237584872433	-0.38759567213631096	2.6107270267173773e-185	0.0
CGTCC	0.0012023221991227444	-0.07648251745510218	3.560684413593499e-08	1.7803406539007582e-06
CGTCG	0.005353430455089876	0.47452993821311595	3.244568109728705e-289	0.0
CGTCT	0.001689091725870963	-0.07693686843165398	2.9530222094608394e-08	1.535570390065466e-06
CGTG	0.003291364855088353	-0.11481993845127582	1.1393793047926836e-16	8.43769498715119e-15
CGTGA	0.0023328012017960714	0.32636011481708677	7.952442499015831e-129	0.0
CGTGC	0.002834908293143598	0.1276748221720592	2.8463334184221106e-20	0.0
CGTGG	0.0034706259738839815	-0.48472041226581575	1.6839037313003935e-303	0.0
CGTGT	0.005132345708447599	-0.6960176309742936	0.0	0.0
CGTT	0.0032881863700546473	-0.8210908330599227	0.0	0.0
CGTTA	0.002598949201744945	-0.8277114988096825	0.0	0.0
CGTTC	0.001634166833413938	0.4547862069266069	7.003374335300314e-263	0.0
CGTTG	0.0019306168390837515	-0.2675932845359009	1.1886969419559956e-85	0.0
CGTTT	0.019845535215667898	-0.8777150060183172	0.0	0.0
CTA	0.0031966161110795564	0.368403815892927	2.982652909403838e-166	0.0
CTAA	0.005563925557111831	-0.6802329916563117	0.0	0.0
CTAAA	0.005524456947356578	-0.6413553173955422	0.0	0.0
CTAAC	0.0037179886481832057	-0.7382548276809064	0.0	0.0
CTAAG	0.002283158480103215	-0.20268130404439522	3.723925896483355e-49	0.0
CTAAT	0.0027019518411013623	-0.09371596781835065	1.397210769138621e-11	8.802458761891785e-10
CTAC	0.007059219471141154	0.7636861839648916	0.0	0.0
CTACA	0.0031576799538197537	-0.16304328276452298	3.4301180303957185e-32	0.0
CTACC	0.006524291895334799	0.8132531383097981	0.0	0.0
CTACG	0.0052956317500442536	0.7431236320338369	0.0	0.0
CTACT	0.005000906725537879	-0.35342198281851134	2.979769082001501e-152	0.0
CTAG	0.007992398366690677	-0.8344119313253091	0.0	0.0
CTAGA	0.007878875200392573	0.6796188643781046	0.0	0.0
CTAGC	0.006036566926504565	-0.7225669049928967	0.0	0.0
CTAGG	0.012096503068864138	-0.7713723172926189	0.0	0.0
CTAGT	0.00804146491481763	-0.818990063509418	0.0	0.0
CTAT	0.008148495178437047	0.7616460827082341	0.0	0.0
CTATA	0.009646010188666853	0.8721273717388012	0.0	0.0
CTATC	0.006670167384685019	-0.6650617668545347	0.0	0.0
CTATG	0.005705600896193898	0.7825571741826037	0.0	0.0
CTATT	0.0025771114505159904	-0.1885728857017854	1.1375093458713705e-42	0.0
CTC	0.002032445303794824	0.3140762284378892	5.940922870663304e-119	0.0
CTCA	0.007420172486053657	-0.3257342880309677	2.5988100128700955e-128	0.0
CTCAA	0.0026129492004803353	0.058145581662864175	2.821691522889418e-05	0.0009871184444083525
CTCAC	0.0028216043214997675	-0.5251227390756223	0.0	0.0
CTCAG	0.009437950854598488	0.5592254670168332	0.0	0.0
CTCAT	0.005184715024500858	-0.18527219093775465	3.171138887164662e-41	0.0
CTCC	0.0007757611214899256	0.3178977474612213	5.647851989781166e-122	0.0
CTCCA	0.0060754398530511785	0.7287308417864671	0.0	0.0
CTCCC	0.0038402083818269523	-0.7684573650630537	0.0	0.0
CTCCG	0.0076070247430033485	0.39532353802916187	2.3659960823322936e-193	0.0
CTCCT	0.0062069327052996694	0.6560391907177505	0.0	0.0
CTCG	0.002607059262754097	0.25002658563303504	1.1568963599960272e-74	0.0
CTCGA	0.02676895987833143	0.8856739295189568	0.0	0.0
CTCGC	0.004044838340764944	-0.695577951052593	0.0	0.0
CTCGG	0.001966211308527651	0.5512521700407151	0.0	0.0
CTCGT	0.003260798979554068	-0.7202490828789533	0.0	0.0
CTCT	0.0047918691187763115	0.6868193553756252	0.0	0.0
CTCTA	0.0037525328827944637	0.6685210855094854	0.0	0.0
CTCTC	0.0035092376575031905	0.4379038400508651	1.0601381833941282e-241	0.0
CTCTG	0.0018383594562186845	-0.09805980505265163	1.5169675861918399e-12	9.708855941426009e-11
CTCTT	0.003703268856357226	0.688559383092072	0.0	0.0
CTG	0.012364452879497478	-0.05309992369960905	0.0001315736144555523	0.004201780387912968
CTGA	0.0037839626636347224	0.32753828821128783	8.49230606695268e-130	0.0
CTGAA	0.008599794607601362	0.7252804974682023	0.0	0.0
CTGAC	0.006484299310226967	0.5648481846546721	0.0	0.0
CTGAG	0.003574424959916671	-0.3534231573336886	2.9724493520349082e-152	0.0
CTGAT	0.0083048639122432	-0.7714226488882839	0.0	0.0
CTGC	0.008177901630514873	-0.394961990668489	5.690104358061931e-193	0.0
CTGCA	0.004861919175612572	0.23129406358759147	7.22959513863418e-64	0.0
CTGCC	0.0022214132560977947	0.5645605562899696	0.0	0.0
CTGCG	0.0028547912258344924	-0.707468117894775	0.0	0.0
CTGCT	0.00432330616258831	0.6890539934661611	0.0	0.0
CTGG	0.003535471305842836	0.2726062580259909	6.06126186616175e-89	0.0
CTGGA	0.007328894298404339	0.7322790035939628	0.0	0.0
CTGGC	0.001645213681102673	0.2945732021591492	3.255933837324672e-104	0.0
CTGGG	0.0013217690671608142	-0.04392148285028813	0.0015674910564300103	0.04147100168815443
CTGGT	0.00805612799384209	-0.6644001645208646	0.0	0.0
CTGT	0.008214154927357291	-0.513490716926983	0.0	0.0
CTGTA	0.01499642042504387	-0.6303141903097046	0.0	0.0
CTGTC	0.005510328854287912	-0.6994080305425114	0.0	0.0
CTGTG	0.00800419401251489	0.8167464150585044	0.0	0.0
CTGTT	0.01335601299309789	-0.8653537800598871	0.0	0.0
CTT	0.001702166827873592	-0.12198503551423696	1.2477385007063048e-18	0.0
CTTA	0.005674584608614465	-0.6517848824591401	0.0	0.0
CTTAA	0.006925197756973286	-0.7022113627189135	0.0	0.0
CTTAC	0.0043259802875232605	0.382024036291603	1.2093910280635717e-179	0.0
CTTAG	0.006356285723910475	-0.5810923067690308	0.0	0.0
CTTAT	0.0024744917277799545	0.7020355951222	0.0	0.0
CTTC	0.0031620316088629813	0.6024586356468254	0.0	0.0
CTTCA	0.009816350210808929	0.7991970815200156	0.0	0.0
CTTCC	0.00439759121280669	-0.6396557719747669	0.0	0.0
CTTCG	0.007525281768224284	0.704019629336886	0.0	0.0
CTTCT	0.008285135927362774	0.7961415414870706	0.0	0.0
CTTG	0.0035434865930358515	0.44655209106325106	2.1147769048506136e-252	0.0
CTTGA	0.004467015074833037	-0.7215116118141427	0.0	0.0
CTTGC	0.005355339792564615	0.5342020193540276	0.0	0.0
CTTGG	0.0028232651149554524	0.5377934446016597	0.0	0.0
CTTGT	0.009255706040415415	0.7238041600072601	0.0	0.0
CTTT	0.0028944726007031937	-0.6835973589486853	0.0	0.0
CTTTA	0.0029955981007684673	0.395598943138694	1.2116858596377223e-193	0.0
CTTTC	0.005834727851666455	-0.8168532128284192	0.0	0.0
CTTTG	0.002397158008353401	0.20698190084545132	3.1207459189577384e-51	0.0
CTTTT	0.0032993157404634095	-0.5801194247833146	0.0	0.0
GAA	0.011146424292830434	0.7646218344186332	0.0	0.0
GAAA	0.007501266792236176	0.5564285780950932	0.0	0.0
GAAAA	0.0020169048612411773	0.38018805791690946	8.423596651279177e-178	0.0
GAAAC	0.004101208717782564	-0.38869739738075304	1.9200240537604907e-186	0.0
GAAAG	0.012534954472386556	0.8558959235300316	0.0	0.0
GAAAT	0.0007877511246612611	-0.12359001886876808	4.371482564851513e-19	0.0
GAAC	0.003154176450176565	0.5019893813100992	0.0	0.0
GAACA	0.002842347799282076	-0.7010220380042886	0.0	0.0
GAACC	0.005892467120434272	0.697899679102075	0.0	0.0
GAACG	0.006142348293065057	0.8610083344002504	0.0	0.0
GAACT	0.004255427763189998	0.6829327048852059	0.0	0.0
GAAG	0.008257369655233595	-0.12224413460264776	1.054378906555747e-18	0.0
GAAGA	0.0029343478660132627	0.6241569240964976	0.0	0.0
GAAGC	0.006125636803173925	0.22655377748538702	2.775307770985739e-61	0.0
GAAGG	0.0036551894298779627	-0.5277300535722459	0.0	0.0
GAAGT	0.004110158551693459	0.7650079098983822	0.0	0.0
GAAT	0.010243597026168207	0.6919526424506439	0.0	0.0
GAATA	0.0027837573834077773	-0.15477345484809563	3.885198975245609e-29	0.0
GAATC	0.0037443355601171186	-0.4544861861624375	1.7070492807020175e-262	0.0
GAATG	0.0039407716040582305	0.40345123441765746	4.784804010242468e-202	0.0
GAATT	0.0159546385539217	0.8970800235848465	0.0	0.0
GAC	0.005716640628808165	0.6137584515240653	0.0	0.0
GACA	0.0017773978491418888	-0.30605041643685194	9.47351061105704e-113	0.0
GACAA	0.005206884176041942	-0.6588735885253235	0.0	0.0
GACAC	0.016392316725875627	0.7024838796561794	0.0	0.0
GACAG	0.004488671537030927	0.3260260721167897	1.496760019483461e-128	0.0
GACAT	0.0030636650970982237	-0.6684180725045032	0.0	0.0
GACC	0.002579279491089636	-0.2262002023727618	4.302310634397926e-61	0.0
GACCA	0.005700738082633658	-0.8385174210960967	0.0	0.0
GACCC	0.003317880102118618	0.6915682812007773	0.0	0.0
GACCG	0.002597487918471598	0.11350982967255462	2.5252368464881237e-16	1.6209256159527285e-14
GACCT	0.008938338984757682	0.8837115239279025	0.0	0.0
GACG	0.003513417231705569	0.7043058687415036	0.0	0.0
GACGA	0.006169211166361336	0.6202022115523087	0.0	0.0
GACGC	0.001781985938821434	-0.5586101309936358	0.0	0.0
GACGG	0.002521981836444308	0.5304311464097169	0.0	0.0
GACGT	0.007513049938947031	0.5380696566103834	0.0	0.0
GACT	0.006403479145217279	0.8654090523688687	0.0	0.0
GACTA	0.014416207868346772	0.6914084685572266	0.0	0.0
GACTC	0.019194070751885357	0.6777150790565108	0.0	0.0
GACTG	0.010890490452701532	-0.5807027783021413	0.0	0.0
GACTT	0.0040419012749200005	0.3905849183194658	2.14433897449475e-188	0.0
GAG	0.011409546334624316	0.7315405633630883	0.0	0.0
GAGA	0.009424840256535814	0.6921324970517958	0.0	0.0
GAGAA	0.017084447719090252	0.8219334179276572	0.0	0.0
GAGAC	0.008510562028925011	-0.6254432050808137	0.0	0.0
GAGAG	0.014620753673891058	0.7699201183114885	0.0	0.0
GAGAT	0.0028863445097279086	0.290829925617162	1.633016239791015e-101	0.0
GAGC	0.005511576620945306	0.2774094947559054	3.643225337033522e-92	0.0
GAGCA	0.009205525996546199	0.6715292570109801	0.0	0.0
GAGCC	0.0035546753046393044	-0.737143294948675	0.0	0.0
GAGCG	0.0014671630000210633	-0.039700977712920485	0.004265832412573773	0.10136103901499538
GAGCT	0.004422935714088815	0.6703946000578576	0.0	0.0
GAGG	0.002727516049891594	0.5701637816529634	0.0	0.0
GAGGA	0.014914039428274203	0.7992790032801592	0.0	0.0
GAGGC	0.0023872344461740463	0.5357728773768944	0.0	0.0
GAGGG	0.0019503965598293314	0.38728640039800316	5.421990279413053e-185	0.0
GAGGT	0.002812107847578069	-0.47698028621948274	1.3194783495360732e-292	0.0
GAGT	0.007202537468014017	0.7904941847831366	0.0	0.0
GAGTA	0.007750849220555717	0.71934124745835	0.0	0.0
GAGTC	0.002883832905934045	-0.11908596384089803	8.011437491144874e-18	0.0
GAGTG	0.010957604600974115	0.5529812426799396	0.0	0.0
GAGTT	0.003487041448907059	0.716916123524645	0.0	0.0
GAT	0.0031380817064483946	-0.33017152432020225	5.5219077650635043e-132	0.0
GATA	0.0029624417315731143	0.4147613479303617	1.4809713090425702e-214	0.0
GATAA	0.0007740950101456305	0.3529234810882147	8.455263463186293e-152	0.0
GATAC	0.012941611061761794	0.7299803306213328	0.0	0.0
GATAG	0.005185257282664835	0.6956422179958274	0.0	0.0
GATAT	0.003213343428445312	0.351831236777853	8.254502263352764e-151	0.0
GATC	0.009961134211130433	-0.6695758217494836	0.0	0.0
GATCA	0.006756969615866972	-0.8077562699800702	0.0	0.0
GATCC	0.007035951182800975	0.5496856622858899	0.0	0.0
GATCG	0.013781610610046827	-0.7922060229577438	0.0	0.0
GATCT	0.0019049666181240195	-0.38310490923451523	9.818375710184806e-181	0.0
GATG	0.0039847328681749655	0.8176008432712332	0.0	0.0
GATGA	0.0037535183141377522	-0.13260823210504902	9.321471651852174e-22	0.0
GATGC	0.0024687463026324503	0.49109031150010907	1.116752478614e-312	0.0
GATGG	0.002814430161649699	-0.47398594940619243	1.8204409009921612e-288	0.0
GATGT	0.004542034757095934	0.7157016161887975	0.0	0.0
GATT	0.009565250987175344	-0.8673294348428471	0.0	0.0
GATTA	0.0032588585862824726	-0.6025546469420033	0.0	0.0
GATTC	0.00189186064123642	0.3370921934463821	7.768615760779621e-138	0.0
GATTG	0.008054939870381781	-0.6661559682316198	0.0	0.0
GATTT	0.007709105477431784	-0.878447791482186	0.0	0.0
GCA	0.007822894584429729	0.771189675875741	0.0	0.0
GCAA	0.004353157453839107	-0.461876903019686	3.860324362302554e-272	0.0
GCAAA	0.006627780453280534	0.36218864071713386	2.365024853939698e-160	0.0
GCAAC	0.009295951810342871	0.5008617814154561	0.0	0.0
GCAAG	0.010771534826371167	-0.6214221836103747	0.0	0.0
GCAAT	0.0016161338174336005	0.5084700373198126	0.0	0.0
GCAC	0.007233789380562049	0.6221297916631131	0.0	0.0
GCACA	0.008677597502435378	0.6592552541254143	0.0	0.0
GCACC	0.0015575546528029882	-0.046635418905068476	0.0007865895572691219	0.022561664845638374
GCACG	0.002990941188508727	-0.6766105050165111	0.0	0.0
GCACT	0.002707204888106069	0.5132224539480594	0.0	0.0
GCAG	0.0277831974063916	0.7605119471976718	0.0	0.0
GCAGA	0.004339692314543287	0.1337016844071665	4.292032980418673e-22	0.0
GCAGC	0.02441123410194047	0.8443012231530057	0.0	0.0
GCAGG	0.0018834479817188474	0.4208444584923581	1.738316071341264e-221	0.0
GCAGT	0.02228960702301747	0.7018887950693367	0.0	0.0
GCAT	0.014260795702937264	0.6671046807784137	0.0	0.0
GCATA	0.006204046426719373	0.8160735639237178	0.0	0.0
GCATC	0.01815478218068872	0.6420930591236695	0.0	0.0
GCATG	0.003990067416042051	0.5257712156413915	0.0	0.0
GCATT	0.0064352313612524616	0.7351773889974722	0.0	0.0
GCC	0.0032132585471183	-0.6841167453752088	0.0	0.0
GCCA	0.009293343945401489	-0.543318070092307	0.0	0.0
GCCAA	0.014136589836731524	-0.75149656341017	0.0	0.0
GCCAC	0.0065324129831359715	-0.7487444308897686	0.0	0.0
GCCAG	0.023875047430098387	0.7474606933192462	0.0	0.0
GCCAT	0.005207808764979009	-0.6872087894373107	0.0	0.0
GCCC	0.004037471773171285	-0.6021674975686557	0.0	0.0
GCCCA	0.0028139679867653852	-0.4267977261050223	2.0781696048560368e-228	0.0
GCCCC	0.007411536184961528	-0.4871999037124393	4.750413693912169e-307	0.0
GCCCG	0.005783393679202087	-0.824875934273847	0.0	0.0
GCCCT	0.009279253996287694	0.7653244101631397	0.0	0.0
GCCG	0.010910958626367926	-0.45763269203138046	1.4282951959247012e-266	0.0
GCCGA	0.004983319444219596	-0.7862902728006715	0.0	0.0
GCCGC	0.00536679434672913	-0.4896578194004791	1.34590554617714e-310	0.0
GCCGG	0.006232812394833158	-0.8444386167685364	0.0	0.0
GCCGT	0.006378732129575749	0.6760321682196615	0.0	0.0
GCCT	0.002323998213348306	-0.04579577370972336	0.0009773824761997027	0.02700865492219684
GCCTA	0.004385845407887279	-0.7581311445638692	0.0	0.0
GCCTC	0.0035762471272556126	0.45535585901273024	1.2869303223639926e-263	0.0
GCCTG	0.005953830768468691	0.6817858803240439	0.0	0.0
GCCTT	0.0019251170671221558	0.16976218411902597	8.553520391334878e-35	0.0
GCG	0.008353204134378962	-0.7893060639785939	0.0	0.0
GCGA	0.0037483290384386293	0.4285187693435357	1.9513132489602795e-230	0.0
GCGAA	0.001492342934810346	-0.13889482127735328	9.87601590533749e-24	0.0
GCGAC	0.004461717947859877	0.28651477152468796	1.88514893941199e-98	0.0
GCGAG	0.0027294277898921677	-0.26058391283422	3.642373613172575e-81	0.0
GCGAT	0.02531034885337102	0.704655879570405	0.0	0.0
GCGC	0.01342696550988776	-0.659143249860425	0.0	0.0
GCGCA	0.004997446531518491	0.41154972338192797	5.915845323166511e-211	0.0
GCGCC	0.013110418669272055	-0.5786925013542994	0.0	0.0
GCGCG	0.013234149565842025	-0.7246441300852373	0.0	0.0
GCGCT	0.006007431455199924	0.14954970019914188	2.7159084573371077e-27	0.0
GCGG	0.013219600887032659	-0.357370821742541	7.197297645464073e-156	0.0
GCGGA	0.0020529440142840597	0.6169330209589743	0.0	0.0
GCGGC	0.004912425392927586	-0.5567353457907143	0.0	0.0
GCGGG	0.0035578179978507187	-0.7661416573671326	0.0	0.0
GCGGT	0.0052680854349898025	0.22147482962642334	1.4023069555487495e-58	0.0
GCGT	0.0018568810319821133	0.3439112754345536	9.448234167016799e-144	0.0
GCGTA	0.003455916305661654	0.49377067998375535	1.34059377e-316	0.0
GCGTC	0.003888007468158865	-0.7125330442479694	0.0	0.0
GCGTG	0.0024505372715204216	0.61786878791075	0.0	0.0
GCGTT	0.007076229456323131	-0.7666534790121468	0.0	0.0
GCT	0.025336410492747534	-0.2763167296971581	1.9954104816280984e-91	0.0
GCTA	0.006229515617002143	0.3532718917918386	4.079841781098497e-152	0.0
GCTAA	0.0076520697908211985	-0.7971411270101653	0.0	0.0
GCTAC	0.005150062293883096	0.6799131417354273	0.0	0.0
GCTAG	0.00821521052398694	-0.8433970686882111	0.0	0.0
GCTAT	0.011047909927043978	0.7323219324516046	0.0	0.0
GCTC	0.006801226575406838	0.505803916950392	0.0	0.0
GCTCA	0.0031173724322684187	0.7887750046428825	0.0	0.0
GCTCC	0.004723864108115886	-0.138761308058179	1.0901657546869432e-23	0.0
GCTCG	0.002209594067083004	-0.552357073307398	0.0	0.0
GCTCT	0.01245946950826513	0.8141606614185994	0.0	0.0
GCTG	0.008507668808179906	-0.11143347916159116	8.749410958504978e-16	6.306066779870889e-14
GCTGA	0.005069143312740832	0.257684331745396	2.385276271198767e-79	0.0
GCTGC	0.003277910765595476	-0.6452162101657928	0.0	0.0
GCTGG	0.002027455172103705	-0.21282624149461618	3.948243120648527e-54	0.0
GCTGT	0.002626820888529827	0.34394310762376323	8.859072506490841e-144	0.0
GCTT	0.01048230194937012	-0.6889603422704554	0.0	0.0
GCTTA	0.003065811918990973	-0.4439184583574749	4.1369994702629083e-249	0.0
GCTTC	0.009961189167121022	-0.8336934651718833	0.0	0.0
GCTTG	0.007693768135807258	0.6906622768215909	0.0	0.0
GCTTT	0.004499352288198953	-0.2174815415920479	1.6801746905136142e-56	0.0
GGA	0.04244511690136248	0.832902595689618	0.0	0.0
GGAA	0.005729722144816945	0.7207648595024438	0.0	0.0
GGAAA	0.006811093339469127	0.841079067791144	0.0	0.0
GGAAC	0.005901411918289497	-0.192611895715572	1.7801877429325868e-44	0.0
GGAAG	0.003850343607628958	0.45434908227437776	2.5641340295326374e-262	0.0
GGAAT	0.007362297846221564	0.700294324994314	0.0	0.0
GGAC	0.007808427537597649	0.8212560510494704	0.0	0.0
GGACA	0.005899525604647389	0.7188136750705794	0.0	0.0
GGACC	0.013789673622192177	0.7647456047457898	0.0	0.0
GGACG	0.010439198421277792	0.7424637141017715	0.0	0.0
GGACT	0.0077442136977219815	0.7394610296858687	0.0	0.0
GGAG	0.0054561375803619	0.7302232963734716	0.0	0.0
GGAGA	0.0050664208344676385	0.8022204997981046	0.0	0.0
GGAGC	0.006378325336457976	0.6532223159142079	0.0	0.0
GGAGG	0.002625992058470205	-0.6106909576216135	0.0	0.0
GGAGT	0.008574958263471598	0.7281327798961642	0.0	0.0
GGAT	0.004551569111000127	0.5744049770462222	0.0	0.0
GGATA	0.002039152584893532	0.18897734955766243	7.533369285582336e-43	0.0
GGATC	0.0026971282262393793	-0.3955215670875155	1.4624124045896648e-193	0.0
GGATG	0.03730767057844554	0.7239952909127713	0.0	0.0
GGATT	0.02194159229300515	-0.7311451386381215	0.0	0.0
GGC	0.0038381099382374046	-0.4328013628518052	1.5634413848084485e-235	0.0
GGCA	0.0016931238107794826	0.43940636981602416	1.5437607120313562e-243	0.0
GGCAA	0.0017462536016068252	-0.26354922602083825	4.787148157891281e-83	0.0
GGCAC	0.012305252720612959	0.7808658987422168	0.0	0.0
GGCAG	0.008069080694046203	-0.7643418868837281	0.0	0.0
GGCAT	0.041371434606341614	0.6514057280083512	0.0	0.0
GGCC	0.003262136807441733	0.059972447747431754	1.565985447306628e-05	0.0006105526433380914
GGCCA	0.004296366985495721	0.19746959419374902	1.0589728677365776e-46	0.0
GGCCC	0.001238673241290985	0.26637191153845424	7.355655500989497e-85	0.0
GGCCG	0.003531744817450405	-0.43162130881940197	4.033597736944854e-234	0.0
GGCCT	0.0026516060359703885	0.4517690222578425	5.235704541433733e-259	0.0
GGCG	0.006608671051727014	-0.7279975467008866	0.0	0.0
GGCGA	0.0018310169740532688	-0.48259745514567864	1.747090865076775e-300	0.0
GGCGC	0.0027388889178567005	-0.526392864285048	0.0	0.0
GGCGG	0.011221087574620642	-0.8960560937488614	0.0	0.0
GGCGT	0.0028176857458308857	0.6318292658177386	0.0	0.0
GGCT	0.0098569144271218	-0.5978460812860011	0.0	0.0
GGCTA	0.02082039876583189	-0.7041449847629415	0.0	0.0
GGCTC	0.008727909381812683	0.7902096439858661	0.0	0.0
GGCTG	0.003639040954371046	-0.030888540175832535	0.026208342331500552	0.36331760000048097
GGCTT	0.007858331728521711	-0.8125024304674295	0.0	0.0
GGG	0.003493431972930606	-0.6252998341303894	0.0	0.0
GGGA	0.0027885803249946823	0.754797539135016	0.0	0.0
GGGAA	0.003467979961609357	-0.42784019035594956	1.2333542728286673e-229	0.0
GGGAC	0.005461952847983476	0.8227674522293548	0.0	0.0
GGGAG	0.0024019006078523403	-0.2403994267767084	5.354498736485664e-69	0.0
GGGAT	0.003983642365194073	-0.2394786138394216	1.8095389718150737e-68	0.0
GGGC	0.00476909455675266	-0.7097964848307976	0.0	0.0
GGGCA	0.004743849697890106	0.4075953353314002	1.4206267294351605e-206	0.0
GGGCC	0.0053016070410127365	0.15700830176087788	6.0299150767901644e-30	0.0
GGGCG	0.022101397029779576	-0.7468858582663974	0.0	0.0
GGGCT	0.007068382492884961	-0.8257075068416512	0.0	0.0
GGGG	0.010822852261640767	-0.5156402683568779	0.0	0.0
GGGGA	0.004059000991077369	-0.4697614412845588	1.0739168630501678e-282	0.0
GGGGC	0.003805637644511411	-0.8094823669270624	0.0	0.0
GGGGG	0.006493012104729706	-0.7146653318520383	0.0	0.0
GGGGT	0.024496753791823964	-0.8166774182578642	0.0	0.0
GGGT	0.006264446042260923	-0.7681932165050608	0.0	0.0
GGGTA	0.0077096932992308425	0.28807197104719595	1.5012504210352166e-99	0.0
GGGTC	0.010815288808718335	-0.7997084941975512	0.0	0.0
GGGTG	0.0014604298114506268	0.20829306450564614	7.10777093073828e-52	0.0
GGGTT	0.0037614182874872075	-0.64800673221122	0.0	0.0
GGT	0.008921441334404827	-0.8010183717136631	0.0	0.0
GGTA	0.007973030118981258	-0.771916733914535	0.0	0.0
GGTAA	0.0026894015302305905	-0.4586559976453235	6.599311671159456e-268	0.0
GGTAC	0.002179524721926304	-0.2551470107693261	8.868576892510431e-78	0.0
GGTAG	0.0030930308808527875	-0.44440695641761707	1.0194623665454189e-249	0.0
GGTAT	0.008358695323114318	-0.6792409230926549	0.0	0.0
GGTC	0.0023601604751051363	0.39777682103600986	5.961961763209746e-196	0.0
GGTCA	0.011601804019553732	0.821804855667119	0.0	0.0
GGTCC	0.001955681176938522	0.3799527358414584	1.448282237784687e-177	0.0
GGTCG	0.0014111449120938193	0.38011864237232884	9.884239023470653e-178	0.0
GGTCT	0.003039205749293095	-0.5517155772874481	0.0	0.0
GGTG	0.003235343400801089	-0.6917114769845865	0.0	0.0
GGTGA	0.005503404869938172	0.8152517750825663	0.0	0.0
GGTGC	0.006842020308230514	0.5890213744911963	0.0	0.0
GGTGG	0.004244381321394375	-0.5889768548906156	0.0	0.0
GGTGT	0.005260877622414442	-0.7929192625614296	0.0	0.0
GGTT	0.00547987918325888	-0.8015511612740773	0.0	0.0
GGTTA	0.006726969698066251	-0.6927664891700368	0.0	0.0
GGTTC	0.004082259396187576	-0.6309833680272678	0.0	0.0
GGTTG	0.020885017946983584	-0.7732709499851509	0.0	0.0
GGTTT	0.004281882318510566	0.6200346624284142	0.0	0.0
GTA	0.002074998428442518	0.6274096926451378	0.0	0.0
GTAA	0.002871670205122264	-0.006363041982976894	0.6470556501965818	0.9642860147571082
GTAAA	0.003709030524843161	0.7608261457682405	0.0	0.0
GTAAC	0.012231338405289876	-0.8335368670620393	0.0	0.0
GTAAG	0.004953918560384958	0.7276794854645698	0.0	0.0
GTAAT	0.0036204934818847693	-0.7914959634751652	0.0	0.0
GTAC	0.002369867213893479	-0.2679657745824797	6.805172624828142e-86	0.0
GTACA	0.003459129048036106	-0.7868812754361167	0.0	0.0
GTACC	0.0030183109592022265	0.6901961097609135	0.0	0.0
GTACG	0.005890096988829026	0.8502864807736046	0.0	0.0
GTACT	0.006429386447709447	-0.8457559494265562	0.0	0.0
GTAG	0.002271844106363115	-0.06506629349830456	2.775072633962455e-06	0.0001220959110024289
GTAGA	0.004883200667155578	0.8110852825388695	0.0	0.0
GTAGC	0.007317090583029134	-0.5628099547414807	0.0	0.0
GTAGG	0.004877982771707629	-0.7378316618465791	0.0	0.0
GTAGT	0.0018261231674749083	-0.15935096436384366	8.303827165575577e-31	0.0
GTAT	0.0015624241468271028	0.6981034522611007	0.0	0.0
GTATA	0.0033598804643273695	0.8388938665291832	0.0	0.0
GTATC	0.0026445514465243203	0.6693712544097438	0.0	0.0
GTATG	0.0044478589024564644	0.4192469226885682	1.1859929985752823e-219	0.0
GTATT	0.0012628775016310036	-0.5106696526885418	0.0	0.0
GTC	0.0031212193909195894	-0.4226424150048609	1.4593763086523197e-223	0.0
GTCA	0.0034365405869659213	-0.6881490335733482	0.0	0.0
GTCAA	0.005826961616205691	0.6208715100124941	0.0	0.0
GTCAC	0.015939715681511094	-0.7401011321499877	0.0	0.0
GTCAG	0.005378879315401612	0.25936241422322215	2.1344746056530505e-80	0.0
GTCAT	0.014775605961430098	-0.7703365293816986	0.0	0.0
GTCC	0.005871537534957822	0.42897791966417365	5.590643709247127e-231	0.0
GTCCA	0.02533202001156757	0.7071404313764871	0.0	0.0
GTCCC	0.024060462444026372	-0.7376084561749706	0.0	0.0
GTCCG	0.0014663649667449243	0.4896849900107197	1.2292341015703e-310	0.0
GTCCT	0.0037098670979034106	0.7231746520745567	0.0	0.0
GTCG	0.0029374478426535348	-0.1988903241493085	2.3054222993726317e-47	0.0
GTCGA	0.0075335375769558415	0.7560779736642328	0.0	0.0
GTCGC	0.0016334056171348427	-0.2036793888317563	1.2394190411340698e-49	0.0
GTCGG	0.0026240373232218023	-0.08797422632090651	2.2610752790260546e-10	1.356645451533467e-08
GTCGT	0.0014021960239754196	0.4462247811280742	5.443870566328281e-252	0.0
GTCT	0.005260748486153831	0.2398349020699026	1.1303423012014548e-68	0.0
GTCTA	0.0036088855597763416	0.22365200004177668	9.912263645001845e-60	0.0
GTCTC	0.008830056747326656	-0.7166890768683272	0.0	0.0
GTCTG	0.007759933111524375	0.5830854543762769	0.0	0.0
GTCTT	0.001545371656339448	0.4243814042461885	1.3938527275578402e-225	0.0
GTG	0.005457924500606592	0.7153372653923155	0.0	0.0
GTGA	0.005918192361216657	0.3313400128527578	5.816777469628203e-133	0.0
GTGAA	0.011740394487213309	0.37521119109521717	7.274221999869534e-173	0.0
GTGAC	0.005624947295725458	-0.6360037476607858	0.0	0.0
GTGAG	0.004129104697032648	0.7258997159385516	0.0	0.0
GTGAT	0.004028373376849649	-0.43579563067338556	3.863376068292975e-239	0.0
GTGC	0.003607865139709654	0.7341061341984297	0.0	0.0
GTGCA	0.01395749061963085	0.7541126969212502	0.0	0.0
GTGCC	0.003355146819965331	0.29354476656090994	1.8140021762273287e-103	0.0
GTGCG	0.003713603068219132	0.6105254236995641	0.0	0.0
GTGCT	0.0029203099356133063	0.40719748209684725	3.88980286437889e-206	0.0
GTGG	0.00614382418873813	0.7639116748305704	0.0	0.0
GTGGA	0.006295706870320471	0.5906621076407836	0.0	0.0
GTGGC	0.004919217050805594	0.8086458767907139	0.0	0.0
GTGGG	0.003587422079960466	-0.50764211267034	0.0	0.0
GTGGT	0.003289079393939738	-0.5989511005031928	0.0	0.0
GTGT	0.003863369342399996	-0.5734700018393539	0.0	0.0
GTGTA	0.004137558347318044	-0.7186188660550172	0.0	0.0
GTGTC	0.004970569899313156	0.5815057919920992	0.0	0.0
GTGTG	0.005980465448045075	-0.7892287403688544	0.0	0.0
GTGTT	0.008511640719115933	-0.7022760439647249	0.0	0.0
GTT	0.0017381593636775345	-0.5772422776248926	0.0	0.0
GTTA	0.005169864222431606	-0.664703246822933	0.0	0.0
GTTAA	0.005100546105850433	-0.5428659343534824	0.0	0.0
GTTAC	0.010898223417549799	0.7663102458181024	0.0	0.0
GTTAG	0.0020856028511992346	-0.6817931271894808	0.0	0.0
GTTAT	0.001600771564780634	0.38353970983518393	3.5660698775890816e-181	0.0
GTTC	0.003031248217844486	-0.38840723303776686	3.82164027446869e-186	0.0
GTTCA	0.003500455810096011	-0.013328843431814738	0.3374995588269927	0.9467616338803531
GTTCC	0.013617872981192021	-0.7611018024203438	0.0	0.0
GTTCG	0.005167283901293416	0.3692264272776885	4.830160514235675e-167	0.0
GTTCT	0.004485504554340837	-0.03609483514234451	0.009375623708422706	0.17947990868746921
GTTG	0.0027131970827267136	-0.653178889479938	0.0	0.0
GTTGA	0.003709939678258025	0.07714756459991423	2.7066048266929233e-08	1.4344995499238067e-06
GTTGC	0.006013089361616639	-0.7876867608387261	0.0	0.0
GTTGG	0.0035938042418313812	0.11355009512030981	2.464553516502589e-16	1.6209256159527285e-14
GTTGT	0.007528885545429103	-0.15267739077338568	2.1745913399140014e-28	0.0
GTTT	0.006591085363052736	-0.6331620564027356	0.0	0.0
GTTTA	0.008408952424880068	-0.8364398324842083	0.0	0.0
GTTTC	0.005878118653059081	0.7718117352837993	0.0	0.0
GTTTG	0.002721918733829275	-0.7643666909472157	0.0	0.0
GTTTT	0.0082643705218371	-0.6571222805366586	0.0	0.0
TAA	0.013392597544185352	-0.5683334483219225	0.0	0.0
TAAA	0.01724670061059937	-0.37677413886490185	2.0935990915762065e-174	0.0
TAAAA	0.013182026207019007	-0.8009362395526891	0.0	0.0
TAAAC	0.02225210618238289	-0.8610824755792517	0.0	0.0
TAAAG	0.0019372299836932499	-0.624836843695218	0.0	0.0
TAAAT	0.001610883928493079	0.283601869162589	2.052030140997058e-96	0.0
TAAC	0.003992857088452858	-0.7813487604086534	0.0	0.0
TAACA	0.005762594486479471	-0.642539417725286	0.0	0.0
TAACC	0.0023179268146152066	-0.4377092904857627	1.830264191141299e-241	0.0
TAACG	0.005217318432312336	-0.8236157420135231	0.0	0.0
TAACT	0.006523898226162716	-0.31825915873904814	2.9092426478724534e-122	0.0
TAAG	0.003862004769530324	-0.08727092916823159	3.142654235875606e-10	1.8541657875736917e-08
TAAGA	0.005407318141695455	0.7725678459861142	0.0	0.0
TAAGC	0.002883822920577709	-0.7399865355229631	0.0	0.0
TAAGG	0.005017740525327505	-0.17032211021547536	5.131564628972207e-35	0.0
TAAGT	0.0011608130623640541	0.37192856846536815	1.1762890801131251e-169	0.0
TAAT	0.0019758023544660074	-0.35428136436934987	4.913743778737276e-153	0.0
TAATA	0.004007516403621726	-0.06905964744018925	6.520837130798428e-07	2.999541070780598e-05
TAATC	0.004226824856239429	-0.7005222685096724	0.0	0.0
TAATG	0.00300158363498368	0.3595644779613222	6.690311625211703e-158	0.0
TAATT	0.004443892586971831	-0.711695915096835	0.0	0.0
TAC	0.0041632475793696505	0.6809546100121961	0.0	0.0
TACA	0.0056795241125109225	0.6630613637810823	0.0	0.0
TACAA	0.00879450081610056	-0.7078549940118147	0.0	0.0
TACAC	0.004108995324471682	-0.5826741864610332	0.0	0.0
TACAG	0.011705940354692504	0.8867608198483454	0.0	0.0
TACAT	0.013969912117457553	0.8483176925119551	0.0	0.0
TACC	0.00487749063524799	0.7287187052285133	0.0	0.0
TACCA	0.012342981766423055	0.7934368386620736	0.0	0.0
TACCC	0.00490304361118891	-0.383452386412209	4.371002578907148e-181	0.0
TACCG	0.005071856563741547	-0.5812038626057854	0.0	0.0
TACCT	0.008560098230769262	0.7856809919476317	0.0	0.0
TACG	0.004626022956838737	0.7278040339009529	0.0	0.0
TACGA	0.004977657807362871	-0.7627224616329612	0.0	0.0
TACGC	0.003690614195724946	0.7301200933179941	0.0	0.0
TACGG	0.0077275763582715495	0.8115442466458656	0.0	0.0
TACGT	0.005147972815471042	0.7588074927211608	0.0	0.0
TACT	0.0028538473858416816	-0.44848400560018686	7.803510321008676e-255	0.0
TACTA	0.004060645496331216	-0.643143141251268	0.0	0.0
TACTC	0.0020610447724315386	-0.1884387650508514	1.3037976394608112e-42	0.0
TACTG	0.00376823644371563	-0.20213551388768244	6.779568323895579e-49	0.0
TACTT	0.0020832619898623404	-0.21297914382472338	3.306843828450135e-54	0.0
TAG	0.006055175248613127	-0.31515863005584915	8.364334407305298e-120	0.0
TAGA	0.0022789162845080957	0.21336450472390073	2.1140152264701393e-54	0.0
TAGAA	0.0024578656939393513	-0.4110092626094357	2.367067388813119e-210	0.0
TAGAC	0.003984781485542082	0.824142776038012	0.0	0.0
TAGAG	0.00423704481953782	0.3592069048345479	1.4378719082549086e-157	0.0
TAGAT	0.0023410133933816023	0.1465815575175451	2.8374041693142637e-26	0.0
TAGC	0.00249143717501438	-0.5692549194825064	0.0	0.0
TAGCA	0.0023104421247489106	-0.1297970087811697	6.64600413068219e-21	0.0
TAGCC	0.0022794492291178738	0.34179616496451626	6.698922746424249e-142	0.0
TAGCG	0.0013039184378895697	-0.6003199761128927	0.0	0.0
TAGCT	0.006503972784763589	-0.8167819486707997	0.0	0.0
TAGG	0.008510762929880587	-0.8973329892859028	0.0	0.0
TAGGA	0.00618589736901283	-0.7542311773658762	0.0	0.0
TAGGC	0.003581094550927358	0.10394577000772037	6.395203399206126e-14	4.348521542851813e-12
TAGGG	0.007748991522260152	-0.8556019864195606	0.0	0.0
TAGGT	0.002205784590531729	-0.5512549588711696	0.0	0.0
TAGT	0.002450917272784499	0.5897441294432983	0.0	0.0
TAGTA	0.0021501258081679455	0.6962600596074084	0.0	0.0
TAGTC	0.014303945255263942	-0.7906420366853797	0.0	0.0
TAGTG	0.003933208811706744	0.28461743272489487	4.02553427226217e-97	0.0
TAGTT	0.0036035562566759734	0.5358297488343933	0.0	0.0
TAT	0.0032747966113594908	0.554111479949859	0.0	0.0
TATA	0.0034057035610679837	0.7922895895525094	0.0	0.0
TATAA	0.0014503359189918421	0.580703425312697	0.0	0.0
TATAC	0.005943753514988766	0.8798109679401562	0.0	0.0
TATAG	0.008463961711347206	0.7929394908073889	0.0	0.0
TATAT	0.02785472413371417	0.9044980911477116	0.0	0.0
TATC	0.0024204662919919033	0.2834145054773953	2.769254781256643e-96	0.0
TATCA	0.0020811608820599124	-0.7325829368673029	0.0	0.0
TATCC	0.004937479377368217	-0.4414062507047958	5.362601717446361e-246	0.0
TATCG	0.002128944074126966	0.6920000628167462	0.0	0.0
TATCT	0.0044765104042194	0.8609734977391376	0.0	0.0
TATG	0.0026847723054423513	0.4411261380102903	1.188006455632367e-245	0.0
TATGA	0.005559055312256312	0.12178107264532098	1.4242272385632364e-18	0.0
TATGC	0.01340021865525379	0.8050452960087704	0.0	0.0
TATGG	0.0034752840731788128	0.5249470745846756	0.0	0.0
TATGT	0.005426770102026244	0.37031445285412057	4.31184515983039e-168	0.0
TATT	0.0029863194402004775	0.054390465588113536	8.982266177142356e-05	0.0029598918273721075
TATTA	0.0055022216406775265	-0.8028396975364422	0.0	0.0
TATTC	0.006512582561706807	0.774387153374704	0.0	0.0
TATTG	0.0022790271170217663	0.7318545960002609	0.0	0.0
TATTT	0.004640210196120628	0.8091848894791666	0.0	0.0
TCA	0.012690172109241837	0.3205005356407435	4.656894704743237e-124	0.0
TCAA	0.004461861768415862	-0.5400435876677918	0.0	0.0
TCAAA	0.005105495050757303	-0.7982000175602553	0.0	0.0
TCAAC	0.003446156090533724	0.5898408930768788	0.0	0.0
TCAAG	0.002879551415119974	0.5028916569862032	0.0	0.0
TCAAT	0.003600387092226103	-0.527687529991095	0.0	0.0
TCAC	0.00443277136841389	-0.5759646477716043	0.0	0.0
TCACA	0.002162855132989117	0.2811874626865275	9.59401693098626e-95	0.0
TCACC	0.002455298570187708	-0.4234238846847713	1.8109698929387048e-224	0.0
TCACG	0.005359950086936775	-0.5602837905293019	0.0	0.0
TCACT	0.0037994620400048193	-0.733475286489264	0.0	0.0
TCAG	0.004322116577500269	0.7160671240670425	0.0	0.0
TCAGA	0.010482346031750137	0.7034441914816627	0.0	0.0
TCAGC	0.00195702300995144	0.4498999761064741	1.2561818712438698e-256	0.0
TCAGG	0.003592067053310524	0.5072636464327779	0.0	0.0
TCAGT	0.00734073238760377	0.4585163363372936	1.0046450827327334e-267	0.0
TCAT	0.003276938209661653	-0.3044789574096573	1.4735257959819895e-111	0.0
TCATA	0.004030470096350821	0.7151883351151586	0.0	0.0
TCATC	0.008269786755847386	-0.6281995267213434	0.0	0.0
TCATG	0.0044767290076214526	0.6792020601865334	0.0	0.0
TCATT	0.009251883283250077	-0.750268441207658	0.0	0.0
TCC	0.003384242430443551	0.18276908566898864	3.794932755440115e-40	0.0
TCCA	0.005107494421118942	0.8572493310814623	0.0	0.0
TCCAA	0.005261397754057003	-0.037298409728028795	0.007258722625111539	0.14808991978623032
TCCAC	0.005711960314568967	0.7165114294772977	0.0	0.0
TCCAG	0.011949381062732632	0.8158818232789184	0.0	0.0
TCCAT	0.004093392402762106	0.6061986490240704	0.0	0.0
TCCC	0.009729556762664649	-0.8433288695043405	0.0	0.0
TCCCA	0.004906036820115819	-0.6543725678709604	0.0	0.0
TCCCC	0.005999781419470071	-0.7461244306174794	0.0	0.0
TCCCG	0.009804340764240726	-0.7305385115699958	0.0	0.0
TCCCT	0.014249469654653655	-0.8315947559278276	0.0	0.0
TCCG	0.0036275150347719106	-0.6859118485435608	0.0	0.0
TCCGA	0.0028217219483157676	0.36748424318944617	2.2683016074215925e-165	0.0
TCCGC	0.002973955107381019	-0.2573300087120721	3.961727378819713e-79	0.0
TCCGG	0.002417378448502399	-0.44468602004282687	4.5752288913518326e-250	0.0
TCCGT	0.0017348042268725584	-0.6744788199910269	0.0	0.0
TCCT	0.0028019212855644503	-0.5879063837492866	0.0	0.0
TCCTA	0.005708074009669719	-0.670813385451722	0.0	0.0
TCCTC	0.007251729144867389	-0.34239450133803434	2.0134552106225085e-142	0.0
TCCTG	0.00298676306943904	-0.21175319739016799	1.3646439257929993e-53	0.0
TCCTT	0.009203180853656632	0.47544548929063246	1.7679332690822472e-290	0.0
TCG	0.0026266552318899195	0.17064350997554484	3.82415616989746e-35	0.0
TCGA	0.0058896367021778065	0.7849412541602976	0.0	0.0
TCGAA	0.0027380763623127214	0.7347059454459779	0.0	0.0
TCGAC	0.02447539388583203	0.6869755399168634	0.0	0.0
TCGAG	0.01876400336531859	0.6339999056088599	0.0	0.0
TCGAT	0.0028800192461189236	0.7475447621478074	0.0	0.0
TCGC	0.0018914051933418715	0.527567372799596	0.0	0.0
TCGCA	0.002044810738649973	0.2795703801114853	1.2333055651220022e-93	0.0
TCGCC	0.004955282078066845	-0.8696113962461798	0.0	0.0
TCGCG	0.003849936251435392	-0.8010434062450542	0.0	0.0
TCGCT	0.005209355284816087	0.8635257079157523	0.0	0.0
TCGG	0.009177196582939135	0.8064092172410464	0.0	0.0
TCGGA	0.018188472324116033	0.7441885813965123	0.0	0.0
TCGGC	0.0024496716982757272	0.06485264151319921	2.991831251205471e-06	0.00012864066132955987
TCGGG	0.0022239338894130293	-0.1831135857967212	2.702480875141809e-40	0.0
TCGGT	0.009728892073057889	0.7405606383382051	0.0	0.0
TCGT	0.004587820035105614	-0.7341341820799121	0.0	0.0
TCGTA	0.0024337620521667604	0.7008506898418685	0.0	0.0
TCGTC	0.0015218893587626554	-0.11454723481624107	1.3456734739485144e-16	8.43769498715119e-15
TCGTG	0.003444657728900323	-0.08291619253435295	2.279614680455723e-09	1.299380306685194e-07
TCGTT	0.00233702434297848	-0.5479891870042576	0.0	0.0
TCT	0.0019045874148764053	0.13693523526170598	4.170266716475008e-23	0.0
TCTA	0.004141250388058767	0.5905831076975214	0.0	0.0
TCTAA	0.004323498117088181	0.7240961823425138	0.0	0.0
TCTAC	0.02757396535947956	0.44228594171463376	4.389349091424393e-247	0.0
TCTAG	0.004779502809106584	-0.6973537680786399	0.0	0.0
TCTAT	0.00467126267090049	-0.22031120353142622	5.71192308381611e-58	0.0
TCTC	0.0033533583601687766	0.6411139080452466	0.0	0.0
TCTCA	0.0034725379579285923	-0.6634583093745916	0.0	0.0
TCTCC	0.0023204758763005627	0.4253838207473543	9.42816102855988e-227	0.0
TCTCG	0.0020765729770238213	-0.010005179923945454	0.47156242506262924	0.958793241317938
TCTCT	0.0022860547157650376	-0.6319746839778719	0.0	0.0
TCTG	0.0029264310959009466	-0.26634429960806627	7.664223188435402e-85	0.0
TCTGA	0.0021893036746530293	-0.19183025789447805	4.0091233780271096e-44	0.0
TCTGC	0.0028981698467715183	0.5999464732690095	0.0	0.0
TCTGG	0.002089416878730078	0.6277917134859576	0.0	0.0
TCTGT	0.0024780577080204987	-0.36319321381357494	2.6865183796793905e-161	0.0
TCTT	0.0035868152477523422	-0.6430147533753092	0.0	0.0
TCTTA	0.010959398640072306	-0.7954887841361975	0.0	0.0
TCTTC	0.005557702623841694	0.806393199676608	0.0	0.0
TCTTG	0.010717238368651294	0.822028053402946	0.0	0.0
TCTTT	0.012632511369887158	-0.803651761454933	0.0	0.0
TGA	0.0019020852444067524	0.2458026147116178	3.7997738649858745e-72	0.0
TGAA	0.002624653029208869	-0.3404286803207384	1.0347798512870765e-140	0.0
TGAAA	0.004773659758382109	-0.7056371959805164	0.0	0.0
TGAAC	0.005158120861799184	0.6800393191758629	0.0	0.0
TGAAG	0.005714687911188292	0.5505249476798002	0.0	0.0
TGAAT	0.0031971072625271726	0.7486579450136659	0.0	0.0
TGAC	0.004361567778370052	-0.49048967979618585	8.35092026263e-312	0.0
TGACA	0.006394679279298957	-0.6636782832958158	0.0	0.0
TGACC	0.010602403444728929	-0.7821364469098813	0.0	0.0
TGACG	0.009719348879347743	0.8866994293639475	0.0	0.0
TGACT	0.0018213104051449584	-0.15121419456367077	7.1329841673234615e-28	0.0
TGAG	0.003072379259689206	-0.6131175957295675	0.0	0.0
TGAGA	0.002649110999015634	0.1314264466547968	2.139731580527372e-21	0.0
TGAGC	0.007613095238089055	-0.6628313112230506	0.0	0.0
TGAGG	0.011719602449997249	0.7977636651050912	0.0	0.0
TGAGT	0.006133946618172636	-0.781909383279209	0.0	0.0
TGAT	0.00212516083438379	-0.5599141779467457	0.0	0.0
TGATA	0.0014232037621582413	0.5761097623556353	0.0	0.0
TGATC	0.00352810879329773	0.2826393047423507	9.547694719749732e-96	0.0
TGATG	0.003809850125873944	0.101935857816841	1.9244649369950846e-13	1.2890910561225155e-11
TGATT	0.005231322242133224	-0.7580470708452649	0.0	0.0
TGC	0.0026359561544297867	0.5636164902888288	0.0	0.0
TGCA	0.007909712270517089	0.7907595472502771	0.0	0.0
TGCAA	0.0033888561624142513	0.6758568510640794	0.0	0.0
TGCAC	0.0067749805519338405	0.40064544813835545	5.114061588785159e-199	0.0
TGCAG	0.01660673612323106	0.8257050625272271	0.0	0.0
TGCAT	0.004235166409225262	-0.6906921754184836	0.0	0.0
TGCC	0.003783628273095023	0.5232563069955939	0.0	0.0
TGCCA	0.007213815434827227	-0.36178255212265	5.68505396864244e-160	0.0
TGCCC	0.0037666901430756486	0.5582008516806556	0.0	0.0
TGCCG	0.002488927596005346	0.6724165424948574	0.0	0.0
TGCCT	0.004626313959923152	-0.6535678864906052	0.0	0.0
TGCG	0.004209345046446644	0.020671389694831486	0.13686548602313708	0.8524224558354633
TGCGA	0.010984040956346794	0.4254833489208287	7.212134767233292e-227	0.0
TGCGC	0.0012454814921532451	-0.15175525735253836	4.603628474201624e-28	0.0
TGCGG	0.003514395536652191	0.792708428233565	0.0	0.0
TGCGT	0.008334260930443843	-0.7927504710851565	0.0	0.0
TGCT	0.004875264701807835	-0.09966777298062093	6.503561673298825e-13	4.2273962108652086e-11
TGCTA	0.0012593704074705036	-0.08240790104889065	2.8545280801252573e-09	1.5985355872327744e-07
TGCTC	0.0030250172418771716	-0.616769207807038	0.0	0.0
TGCTG	0.002763480448208498	0.38756134098346606	2.8314669140541533e-185	0.0
TGCTT	0.00984652155067107	-0.8622678880358421	0.0	0.0
TGG	0.0058531558386091306	0.13999163771109052	4.369925636671865e-24	0.0
TGGA	0.02139403011366694	0.8336402849429998	0.0	0.0
TGGAA	0.003361474409679885	0.24544614256489328	6.164884058240178e-72	0.0
TGGAC	0.0034163071732507405	-0.42683990763755	1.854098827653225e-228	0.0
TGGAG	0.012726078446320292	0.8405406046489099	0.0	0.0
TGGAT	0.009079671091681838	0.6425748630489981	0.0	0.0
TGGC	0.00407814803225417	0.8189140334007801	0.0	0.0
TGGCA	0.003459173408391699	0.6832064384538199	0.0	0.0
TGGCC	0.005639183933959683	0.6493882222632517	0.0	0.0
TGGCG	0.00817080766457123	0.6900474393329342	0.0	0.0
TGGCT	0.004593366495702655	-0.7876442917920903	0.0	0.0
TGGG	0.004825954359534479	-0.4369312745429621	1.61937424053279e-240	0.0
TGGGA	0.001908869428106851	0.16933593806185962	1.2605234400381712e-34	0.0
TGGGC	0.007633002035375955	0.719152142111316	0.0	0.0
TGGGG	0.00950467599484389	-0.6108587533359867	0.0	0.0
TGGGT	0.006457671643462245	-0.33274922375444826	3.8036880995562045e-134	0.0
TGGT	0.009923929841610325	-0.9017028184397426	0.0	0.0
TGGTA	0.006154925029793058	-0.7995875719769051	0.0	0.0
TGGTC	0.0020813544396823145	0.3555455787945827	3.431307934436223e-154	0.0
TGGTG	0.0020107389550093483	0.4047838139334426	1.7023650186147073e-203	0.0
TGGTT	0.04581976543717978	-0.8985309156529105	0.0	0.0
TGT	0.0028482585740020323	0.6096418289453628	0.0	0.0
TGTA	0.002545617059147506	-0.5880993805606608	0.0	0.0
TGTAA	0.001255202525190309	-0.4282631178894687	3.9104387075804676e-230	0.0
TGTAC	0.0043114729739491585	-0.80657942578165	0.0	0.0
TGTAG	0.004169831548373938	-0.7336023963694002	0.0	0.0
TGTAT	0.002739191733049139	-0.5709656625678627	0.0	0.0
TGTC	0.0013201985675849429	-0.13732045737080018	3.1470250738290405e-23	0.0
TGTCA	0.0008387102495378763	0.13974602353864074	5.248289287304842e-24	0.0
TGTCC	0.0036067980819996736	-0.14245264364353183	6.848271386974706e-25	0.0
TGTCG	0.003629286830720626	-0.015072052020966828	0.27811268049168	0.9467616338803531
TGTCT	0.002928243725809321	0.5737009551527258	0.0	0.0
TGTG	0.010585073991174284	0.8060290556321695	0.0	0.0
TGTGA	0.002463064754145972	0.17276271955240124	5.4214052224854084e-36	0.0
TGTGC	0.003277152358408586	-0.39972586148273953	4.9559731843508054e-198	0.0
TGTGG	0.018591921887049303	0.9320692780867309	0.0	0.0
TGTGT	0.00310927193209231	-0.3666345783442825	1.4697851670230304e-164	0.0
TGTT	0.0037470160958468983	-0.7023428181178649	0.0	0.0
TGTTA	0.002136554858719514	0.007119954152464601	0.6084258765983162	0.9642860147571082
TGTTC	0.007344049432618891	-0.7242714620982029	0.0	0.0
TGTTG	0.005628812513929291	0.6520636891075133	0.0	0.0
TGTTT	0.0023669001903509138	-0.5991609933261401	0.0	0.0
TTA	0.0029534850155628002	-0.24528671407050887	7.652604430542605e-72	0.0
TTAA	0.007296948509328184	-0.5906885944750944	0.0	0.0
TTAAA	0.004673662434140645	-0.8307357306232649	0.0	0.0
TTAAC	0.003858156367380542	-0.7089511311321646	0.0	0.0
TTAAG	0.00977325764296241	-0.8273001632671138	0.0	0.0
TTAAT	0.004735032768123164	-0.7283265109365507	0.0	0.0
TTAC	0.008021430274720028	0.7214916921173665	0.0	0.0
TTACA	0.0027382062971052167	0.679066509263275	0.0	0.0
TTACC	0.002333782521990548	-0.1502136804932484	1.5961917748101408e-27	0.0
TTACG	0.0020542711564441687	0.5975650737617014	0.0	0.0
TTACT	0.003975303716688449	-0.6273699449748378	0.0	0.0
TTAG	0.0030820168638901377	-0.5041751310147649	0.0	0.0
TTAGA	0.0030488445300510007	-0.6534115499113765	0.0	0.0
TTAGC	0.002609783950789869	0.56034648634114	0.0	0.0
TTAGG	0.006860965899791992	-0.7994768933029464	0.0	0.0
TTAGT	0.0023541235963812977	0.8290781360442625	0.0	0.0
TTAT	0.0021174769526500757	-0.17506861547370112	6.287316099338078e-37	0.0
TTATA	0.002649367598240397	0.7278834154585572	0.0	0.0
TTATC	0.001871558767055185	0.030878713896636913	0.026256078990062433	0.36331760000048097
TTATG	0.006048154954348298	0.7228123846641459	0.0	0.0
TTATT	0.0012403783804858391	-0.3240843277176992	5.818337064530958e-127	0.0
TTC	0.005262148385862752	0.5360234891904843	0.0	0.0
TTCA	0.00981868679254144	0.4724670675184679	2.2098493942983234e-286	0.0
TTCAA	0.002921377424463458	-0.19680891417524587	2.143204443611064e-46	0.0
TTCAC	0.004547940336378878	0.7364378709004673	0.0	0.0
TTCAG	0.00407900920659652	0.6965760478122611	0.0	0.0
TTCAT	0.006344068337492603	0.8766706425661293	0.0	0.0
TTCC	0.01443681935173816	-0.8019617529856904	0.0	0.0
TTCCA	0.006474504149011843	-0.5017202866087433	0.0	0.0
TTCCC	0.0076931682398226845	-0.6799887111109133	0.0	0.0
TTCCG	0.0034895448173884154	-0.6057522612480954	0.0	0.0
TTCCT	0.004552058650009524	-0.007991226218127326	0.5652800424061978	0.9642860147571082
TTCG	0.012798526802608238	0.4208496066222097	1.7147572839127438e-221	0.0
TTCGA	0.01849575930957733	0.6173586916916642	0.0	0.0
TTCGC	0.004107584544478316	0.4556843403755835	4.837906695485412e-264	0.0
TTCGG	0.013909928683590688	0.6342246670854454	0.0	0.0
TTCGT	0.002666962922020407	-0.6291033612612558	0.0	0.0
TTCT	0.0019744616704360533	-0.4103417390756476	1.3075172453656188e-209	0.0
TTCTA	0.002174798724161085	0.44673158970613874	1.2585607232631402e-252	0.0
TTCTC	0.002943059833043767	0.39461887668784756	1.3072390781479588e-192	0.0
TTCTG	0.003460550655654801	0.2532432935975022	1.3016061918390495e-76	0.0
TTCTT	0.01129937302801435	-0.8270501605062047	0.0	0.0
TTG	0.0032492563263046303	-0.6858450747878171	0.0	0.0
TTGA	0.0078459998783967	-0.6468937065163971	0.0	0.0
TTGAA	0.0015221304960771496	-0.24272119802646167	2.4276927175109132e-70	0.0
TTGAC	0.009721641633063943	-0.7165902988429101	0.0	0.0
TTGAG	0.0020111523942995283	-0.15085767125305088	9.51038978138933e-28	0.0
TTGAT	0.001961910035845514	-0.3269798161802161	2.4550411702046515e-129	0.0
TTGC	0.004306674680224736	-0.5411258189557241	0.0	0.0
TTGCA	0.006775734271726705	-0.5585576238425991	0.0	0.0
TTGCC	0.02573983469701102	0.639535104252605	0.0	0.0
TTGCG	0.002217265783161917	0.36913592088506275	5.902877832798198e-167	0.0
TTGCT	0.007093111760716562	-0.8337459951532213	0.0	0.0
TTGG	0.006057209968872415	-0.21936934945768652	1.7697052899557506e-57	0.0
TTGGA	0.002931438387535438	-0.31063755921441005	2.852072338852252e-116	0.0
TTGGC	0.0020488551367980456	-0.3702129541458392	5.40406737749335e-168	0.0
TTGGG	0.0039100498936116175	-0.2702978534465574	2.029850298984418e-87	0.0
TTGGT	0.004941879926240297	-0.8175599694093107	0.0	0.0
TTGT	0.007887186610947781	0.19700142881280608	1.7456616112595784e-46	0.0
TTGTA	0.0030409417176747956	-0.03794813273248973	0.0063039870082009395	0.1353674360747168
TTGTC	0.004498807378067094	0.5450639259493817	0.0	0.0
TTGTG	0.0065818458666916605	0.8878115584375266	0.0	0.0
TTGTT	0.0031246075551728324	0.4282997023981125	3.540290250027412e-230	0.0
TTT	0.006121945305083655	-0.6320937931475302	0.0	0.0
TTTA	0.0026352596332976075	-0.5958762638867869	0.0	0.0
TTTAA	0.002495125834206312	-0.33487874536810835	6.00337769675434e-136	0.0
TTTAC	0.0017317497453035945	-0.504740755603631	0.0	0.0
TTTAG	0.0019520029333249497	0.333445635171447	9.829731568918392e-135	0.0
TTTAT	0.002343904533999735	-0.6337697092583441	0.0	0.0
TTTC	0.004277712420699892	-0.7829295621474226	0.0	0.0
TTTCA	0.0023993921975910956	0.540262497450497	0.0	0.0
TTTCC	0.004432865134564179	-0.6295669981073664	0.0	0.0
TTTCG	0.004560731335691915	0.7308251028492686	0.0	0.0
TTTCT	0.0103693237397886	-0.8849066216586154	0.0	0.0
TTTG	0.00279449907301106	-0.7740993429260142	0.0	0.0
TTTGA	0.0018684216420213544	-0.30088264400636733	7.383482434373142e-109	0.0
TTTGC	0.003637928385370254	0.3115503574788475	5.583311869821914e-117	0.0
TTTGG	0.014966315679933742	-0.825583040115381	0.0	0.0
TTTGT	0.0063335016788262114	0.24443486874718262	2.4226203901154474e-71	0.0
TTTT	0.0031964578307277862	-0.3479152561432922	2.706193805755194e-147	0.0
TTTTA	0.003542262815181865	-0.4464035099134136	3.2488553438786676e-252	0.0
TTTTC	0.0030871660737873613	-0.613654692669251	0.0	0.0
TTTTG	0.0016233856845915937	-0.5353639515484568	0.0	0.0
TTTTT	0.0035498255320309765	-0.11570004698540481	6.641283108280319e-17	8.43769498715119e-15
