FPR	TPR
0.0	0.0
0.0	0.01020408163265306
0.0	0.03571428571428571
0.005434782608695652	0.03571428571428571
0.005434782608695652	0.061224489795918366
0.010869565217391304	0.061224489795918366
0.010869565217391304	0.09693877551020408
0.016304347826086956	0.09693877551020408
0.016304347826086956	0.10204081632653061
0.021739130434782608	0.10204081632653061
0.021739130434782608	0.1989795918367347
0.02717391304347826	0.1989795918367347
0.02717391304347826	0.20408163265306123
0.043478260869565216	0.20408163265306123
0.043478260869565216	0.23979591836734693
0.04891304347826087	0.23979591836734693
0.04891304347826087	0.28061224489795916
0.05434782608695652	0.28061224489795916
0.05434782608695652	0.29081632653061223
0.059782608695652176	0.29081632653061223
0.059782608695652176	0.3010204081632653
0.06521739130434782	0.3010204081632653
0.06521739130434782	0.32142857142857145
0.08695652173913043	0.32142857142857145
0.08695652173913043	0.3520408163265306
0.09239130434782608	0.3520408163265306
0.09239130434782608	0.39285714285714285
0.09782608695652174	0.39285714285714285
0.09782608695652174	0.4030612244897959
0.10326086956521739	0.4030612244897959
0.10326086956521739	0.40816326530612246
0.11956521739130435	0.40816326530612246
0.11956521739130435	0.41836734693877553
0.125	0.41836734693877553
0.125	0.42857142857142855
0.13043478260869565	0.42857142857142855
0.13043478260869565	0.4336734693877551
0.14130434782608695	0.4336734693877551
0.14130434782608695	0.45918367346938777
0.15217391304347827	0.45918367346938777
0.15217391304347827	0.46938775510204084
0.15760869565217392	0.46938775510204084
0.15760869565217392	0.4744897959183674
0.17391304347826086	0.4744897959183674
0.17391304347826086	0.47959183673469385
0.18478260869565216	0.47959183673469385
0.18478260869565216	0.5102040816326531
0.21739130434782608	0.5102040816326531
0.21739130434782608	0.5255102040816326
0.22826086956521738	0.5255102040816326
0.22826086956521738	0.5306122448979592
0.2391304347826087	0.5306122448979592
0.2391304347826087	0.5459183673469388
0.24456521739130435	0.5459183673469388
0.24456521739130435	0.5561224489795918
0.2554347826086957	0.5561224489795918
0.2554347826086957	0.5612244897959183
0.2608695652173913	0.5612244897959183
0.2608695652173913	0.5663265306122449
0.2717391304347826	0.5663265306122449
0.2717391304347826	0.5714285714285714
0.27717391304347827	0.5714285714285714
0.27717391304347827	0.576530612244898
0.28804347826086957	0.576530612244898
0.28804347826086957	0.5816326530612245
0.30434782608695654	0.5816326530612245
0.30434782608695654	0.5918367346938775
0.30978260869565216	0.5918367346938775
0.30978260869565216	0.6071428571428571
0.31521739130434784	0.6071428571428571
0.31521739130434784	0.6122448979591837
0.32065217391304346	0.6122448979591837
0.32065217391304346	0.6173469387755102
0.32608695652173914	0.6173469387755102
0.32608695652173914	0.6275510204081632
0.33695652173913043	0.6275510204081632
0.33695652173913043	0.6326530612244898
0.3423913043478261	0.6326530612244898
0.3423913043478261	0.6377551020408163
0.34782608695652173	0.6377551020408163
0.34782608695652173	0.6479591836734694
0.3532608695652174	0.6479591836734694
0.3532608695652174	0.6530612244897959
0.3641304347826087	0.6530612244897959
0.3641304347826087	0.6632653061224489
0.3695652173913043	0.6632653061224489
0.3695652173913043	0.6683673469387755
0.3804347826086957	0.6683673469387755
0.3804347826086957	0.6887755102040817
0.3858695652173913	0.6887755102040817
0.3858695652173913	0.6938775510204082
0.391304347826087	0.6938775510204082
0.391304347826087	0.6989795918367347
0.3967391304347826	0.6989795918367347
0.3967391304347826	0.7040816326530612
0.4673913043478261	0.7040816326530612
0.4673913043478261	0.7091836734693877
0.4891304347826087	0.7091836734693877
0.4891304347826087	0.7295918367346939
0.5163043478260869	0.7295918367346939
0.5163043478260869	0.7397959183673469
0.5271739130434783	0.7397959183673469
0.5271739130434783	0.7551020408163265
0.532608695652174	0.7551020408163265
0.532608695652174	0.7704081632653061
0.5380434782608695	0.7704081632653061
0.5380434782608695	0.7755102040816326
0.5489130434782609	0.7755102040816326
0.5489130434782609	0.7806122448979592
0.5543478260869565	0.7806122448979592
0.5543478260869565	0.7857142857142857
0.5815217391304348	0.7857142857142857
0.5815217391304348	0.7908163265306123
0.592391304347826	0.7908163265306123
0.592391304347826	0.8112244897959183
0.6141304347826086	0.8112244897959183
0.6141304347826086	0.8163265306122449
0.625	0.8163265306122449
0.625	0.8214285714285714
0.6413043478260869	0.8214285714285714
0.6413043478260869	0.8316326530612245
0.6467391304347826	0.8316326530612245
0.6467391304347826	0.8367346938775511
0.6630434782608695	0.8367346938775511
0.6630434782608695	0.8418367346938775
0.6902173913043478	0.8418367346938775
0.6902173913043478	0.8469387755102041
0.7010869565217391	0.8469387755102041
0.7010869565217391	0.8571428571428571
0.717391304347826	0.8571428571428571
0.717391304347826	0.8826530612244898
0.7282608695652174	0.8826530612244898
0.7282608695652174	0.8928571428571429
0.7554347826086957	0.8928571428571429
0.7554347826086957	0.8979591836734694
0.782608695652174	0.8979591836734694
0.782608695652174	0.9030612244897959
0.7989130434782609	0.9030612244897959
0.7989130434782609	0.9081632653061225
0.8206521739130435	0.9081632653061225
0.8206521739130435	0.9132653061224489
0.8369565217391305	0.9132653061224489
0.8369565217391305	0.9285714285714286
0.8532608695652174	0.9285714285714286
0.8532608695652174	0.9387755102040817
0.9021739130434783	0.9387755102040817
0.9021739130434783	0.9540816326530612
0.9293478260869565	0.9540816326530612
0.9293478260869565	0.9744897959183674
0.9402173913043478	0.9744897959183674
0.9402173913043478	0.9795918367346939
0.9456521739130435	0.9795918367346939
0.9456521739130435	0.9846938775510204
0.9510869565217391	0.9846938775510204
0.9510869565217391	0.9897959183673469
0.9836956521739131	0.9897959183673469
0.9836956521739131	0.9948979591836735
0.9945652173913043	0.9948979591836735
0.9945652173913043	1.0
1.0	1.0
