	mean_abs_shap	pearsonr_r	pearsonr_p	fdr
AAA	0.02047839433492685	-0.6122761671883803	0.0	0.0
AAAA	0.005438787122723811	-0.1744400986335195	2.7255181090424145e-27	0.0
AAAAA	0.009615629989916118	0.1243689041865362	1.5195930471992975e-14	1.4449552665496412e-12
AAAAC	0.0028935906449845876	0.673378365662368	0.0	0.0
AAAAG	0.004413033790862791	-0.8241738207203767	0.0	0.0
AAAAT	0.0037423115544357685	0.24484907148576418	6.950854795376662e-53	0.0
AAAC	0.0032068725612437155	-0.5717417247170482	0.0	0.0
AAACA	0.001950858197197541	-0.4065675043002217	6.395000060076765e-151	0.0
AAACC	0.01262387154744699	-0.7422893334917875	0.0	0.0
AAACG	0.0014586846803092556	-0.4853045328413995	2.5380029733566705e-223	0.0
AAACT	0.0035419905024185656	-0.43540764911613294	3.013867269872836e-175	0.0
AAAG	0.004074367456451337	-0.4077694429555746	6.901607013465375e-152	0.0
AAAGA	0.004742723302336081	-0.17978678546141785	6.506821104855888e-29	0.0
AAAGC	0.030247265352526365	0.863223944754683	0.0	0.0
AAAGG	0.009889049319701994	-0.8590113379127307	0.0	0.0
AAAGT	0.004671607403092239	-0.6026282668226745	0.0	0.0
AAAT	0.007918910771570222	-0.6451129262009384	0.0	0.0
AAATA	0.008894209633551984	-0.7691623713690268	0.0	0.0
AAATC	0.014726079388416163	0.5783771005450368	0.0	0.0
AAATG	0.008028625416310286	-0.6452695241802784	0.0	0.0
AAATT	0.004417697909770945	-0.6159098462224557	0.0	0.0
AAC	0.027377914477934164	-0.814024034443397	0.0	0.0
AACA	0.0040367322424898645	-0.09312825908084515	9.172359915031405e-09	6.237202796466335e-07
AACAA	0.00268070215051868	-0.40447606853445506	3.0117257674840525e-149	0.0
AACAC	0.00696565167502976	0.7405087530868721	0.0	0.0
AACAG	0.004083474703283867	-0.20560436967871082	1.778066769781833e-37	0.0
AACAT	0.0020071958943923226	-0.0318150837089702	0.05011303041249413	0.6423661627420199
AACC	0.02580314991302532	-0.7638835871330242	0.0	0.0
AACCA	0.018970064386405576	-0.8442482207141175	0.0	0.0
AACCC	0.016635729530327388	0.613913733829988	0.0	0.0
AACCG	0.004235294122019046	-0.7582690567503678	0.0	0.0
AACCT	0.0038415794667357186	-0.52643103478447	2.0438542927537328e-269	0.0
AACG	0.00874013691471341	-0.7934595756615859	0.0	0.0
AACGA	0.003011110906423464	-0.519613623554628	2.484955402588229e-261	0.0
AACGC	0.00430914271242061	-0.8760717980861735	0.0	0.0
AACGG	0.002302480219255948	-0.8010228008135423	0.0	0.0
AACGT	0.0038421252695478958	0.6054132679323929	0.0	0.0
AACT	0.011740952991217937	-0.6961139884665903	0.0	0.0
AACTA	0.002201923912765562	-0.6359402261770453	0.0	0.0
AACTC	0.009103761967461738	-0.7053358650977657	0.0	0.0
AACTG	0.012590010538584953	-0.7398842631492586	0.0	0.0
AACTT	0.003912508952471109	-0.728602333858727	0.0	0.0
AAG	0.006223610489942093	-0.530068425268152	8.330108299690735e-274	0.0
AAGA	0.016430462989223148	-0.790668787169618	0.0	0.0
AAGAA	0.008298628231911487	-0.8163100192598653	0.0	0.0
AAGAC	0.0013917650149860889	0.041794996811125924	0.010053627907949296	0.23877148750757782
AAGAG	0.03711926221301662	-0.8279924122094027	0.0	0.0
AAGAT	0.0027201331153979837	-0.5583592692910833	7.52467757998764e-310	0.0
AAGC	0.002406928541197872	-0.0776589669052907	1.68591505814821e-06	9.777837518076815e-05
AAGCA	0.006563660872372908	0.799393375729062	0.0	0.0
AAGCC	0.016726407113427745	-0.7974299508405472	0.0	0.0
AAGCG	0.0016883348997898146	-0.7895127309882596	0.0	0.0
AAGCT	0.009245765900042825	0.6349001249928817	0.0	0.0
AAGG	0.004115049572662035	0.5742925984126117	0.0	0.0
AAGGA	0.0043074885756950705	0.24536466250434316	4.1670334605807143e-53	0.0
AAGGC	0.00570014764322349	0.6989238253703168	0.0	0.0
AAGGG	0.0028228941630344035	-0.17225288060680743	1.2140514608842781e-26	0.0
AAGGT	0.0021841343910525895	0.43975404387359407	4.008128133170287e-179	0.0
AAGT	0.005366426487525304	-0.3521844641223074	3.788363136038547e-111	0.0
AAGTA	0.002225927139380976	0.017272577906819856	0.2876185087056923	0.9913308447059866
AAGTC	0.004285071556030029	-0.7522524394335056	0.0	0.0
AAGTG	0.0028580880857630117	-0.514853139414194	8.560721946620988e-256	0.0
AAGTT	0.006668977404365724	0.7952011967949704	0.0	0.0
AAT	0.041852747306902256	-0.5911786872313172	0.0	0.0
AATA	0.012027635371863007	-0.5780183986282832	0.0	0.0
AATAA	0.01741383011191231	-0.7641968151564964	0.0	0.0
AATAC	0.007488829929032206	-0.7090317468930339	0.0	0.0
AATAG	0.0017820218061385155	0.7355983174996893	0.0	0.0
AATAT	0.0031719013544458056	-0.5882877003726302	0.0	0.0
AATC	0.03118897674884796	-0.6977127655551779	0.0	0.0
AATCA	0.002078830916248906	0.21958019841984572	1.2574709795188706e-42	0.0
AATCC	0.0037230539783644845	0.6768468247077211	0.0	0.0
AATCG	0.005095793685004559	-0.7907699054279737	0.0	0.0
AATCT	0.005642411675386306	-0.6750126450433012	0.0	0.0
AATG	0.013181203896887312	-0.6448381902210591	0.0	0.0
AATGA	0.0021726919746618396	-0.23719550846929716	1.2003890010128803e-49	0.0
AATGC	0.0031330844052325623	0.38042468853165756	7.483008232726503e-131	0.0
AATGG	0.011757359747121866	-0.8004893123570969	0.0	0.0
AATGT	0.033071385980201345	-0.7151646024150791	0.0	0.0
AATT	0.005297456777577356	0.3875613613290571	3.7593636432783e-136	0.0
AATTA	0.001959843145667918	0.46930494922792876	5.0027317074127495e-207	0.0
AATTC	0.006448622832495872	-0.48523408313774785	3.0071759317349568e-223	0.0
AATTG	0.0032337707766729824	0.5637006016217463	4.7230196e-317	0.0
AATTT	0.0018288524748314597	0.5481906708854818	1.701423156389945e-296	0.0
ACA	0.005283516090210786	-0.26318767065192633	4.108902021296858e-61	0.0
ACAA	0.010257135013412915	-0.7753572307065242	0.0	0.0
ACAAA	0.006642242133284429	-0.7817002543522193	0.0	0.0
ACAAC	0.003926528204239592	-0.4532937503718626	1.4433698161567206e-191	0.0
ACAAG	0.0026404977743360765	-0.33707703042100307	2.10337770889255e-101	0.0
ACAAT	0.003572638361082951	0.6263566206693215	0.0	0.0
ACAC	0.0045154297971669805	0.2349552509669695	1.0122583324624512e-48	0.0
ACACA	0.001774054452069584	-0.35169178499533055	8.031640272315076e-111	0.0
ACACC	0.0017193306224651556	-0.5041396385230313	1.193468332210821e-243	0.0
ACACG	0.039637032805568975	0.8150109355776369	0.0	0.0
ACACT	0.003566671316454397	-0.7743587989824767	0.0	0.0
ACAG	0.009504667532119681	0.7420832390059293	0.0	0.0
ACAGA	0.005092152074700072	0.4050820976390237	9.891826939021334e-150	0.0
ACAGC	0.005965274340970023	0.7464595001269956	0.0	0.0
ACAGG	0.010515268515785358	0.8755642157708888	0.0	0.0
ACAGT	0.003021077121548744	-0.3869497048371633	1.0825802066865409e-135	0.0
ACAT	0.0026613268657569586	-0.3899332531967865	6.089420614916617e-138	0.0
ACATA	0.0048086861794597955	-0.4362640066578297	5.2466876524583954e-176	0.0
ACATC	0.01416968566168989	0.48340583851779906	2.4202767093490855e-221	0.0
ACATG	0.004465600790162026	-0.7456877613100745	0.0	0.0
ACATT	0.0026658757992638438	-0.18305201122007808	6.2726467730900475e-30	0.0
ACC	0.003114031464810889	-0.6166973138905207	0.0	0.0
ACCA	0.0034264015183584277	-0.6596139649259296	0.0	0.0
ACCAA	0.0031776933831530662	0.12330872578409792	2.5397744325956894e-14	2.33901786828028e-12
ACCAC	0.0018226389659068277	-0.5011218197202282	2.630903326328052e-240	0.0
ACCAG	0.017530195316529922	-0.8297477349079092	0.0	0.0
ACCAT	0.0014573997047702945	-0.1689284969073312	1.1323554661408229e-25	0.0
ACCC	0.004560167359031801	0.4248162717312727	4.902465596554947e-166	0.0
ACCCA	0.011406176262542438	0.8494781394226231	0.0	0.0
ACCCC	0.006441916056603461	-0.8287438309674522	0.0	0.0
ACCCG	0.0037966280354771063	-0.6197985290564639	0.0	0.0
ACCCT	0.003665067094142158	0.6466800971976367	0.0	0.0
ACCG	0.005288771867440177	-0.822347433967749	0.0	0.0
ACCGA	0.0011096629477357204	-0.4992867236234123	2.733710894567482e-238	0.0
ACCGC	0.009471251572188344	0.7143347888455751	0.0	0.0
ACCGG	0.012560536165655204	-0.8562394961853599	0.0	0.0
ACCGT	0.008577967273985493	-0.7289676301070462	0.0	0.0
ACCT	0.005427518737527923	-0.3345677012400412	7.753653592383489e-100	0.0
ACCTA	0.01756902439810707	-0.8124608352741607	0.0	0.0
ACCTC	0.004289641576288798	0.5373932663091109	8.244990021155545e-283	0.0
ACCTG	0.015174766629733499	0.8648265800342969	0.0	0.0
ACCTT	0.015466312842863142	-0.8244120202266776	0.0	0.0
ACG	0.0055765686856117935	-0.826377033311863	0.0	0.0
ACGA	0.004191212522375408	-0.5544380547865075	1.2048826381860332e-304	0.0
ACGAA	0.0012222538332120683	0.0011876524991332148	0.9417180866072946	0.9999942676473245
ACGAC	0.005909693425024439	-0.777702776795256	0.0	0.0
ACGAG	0.0029551773492212663	-0.5123929375442975	5.751584520053478e-253	0.0
ACGAT	0.004284404184274379	0.7101464991978477	0.0	0.0
ACGC	0.009346497221339964	-0.4631469201772881	5.535691413928292e-201	0.0
ACGCA	0.0017296712300837794	-0.594525841506743	0.0	0.0
ACGCC	0.002529809340968278	-0.6624037512565455	0.0	0.0
ACGCG	0.0017401675392522068	-0.7424160435447681	0.0	0.0
ACGCT	0.005496327549062602	0.7438024832269465	0.0	0.0
ACGG	0.0019385494795401384	0.016466718099783437	0.3107058636596451	0.9920702482229454
ACGGA	0.0018498985042513098	-0.056127619106523405	0.0005444412904448177	0.02101503349937539
ACGGC	0.002197963472321752	0.5789977022881072	0.0	0.0
ACGGG	0.0007898956243224863	0.29013423608282485	1.9091911766200087e-74	0.0
ACGGT	0.0021594192355525216	-0.7304508987689979	0.0	0.0
ACGT	0.003148847833225239	-0.08514226745396447	1.5143834537719856e-07	9.540570972244033e-06
ACGTA	0.004214083965925813	-0.8383012432521266	0.0	0.0
ACGTC	0.0014635947369751846	-0.06798846919217877	2.7877597811277532e-05	0.001420767059820971
ACGTG	0.0031138233769402285	0.5072086832947309	4.386497388646671e-247	0.0
ACGTT	0.002105494621795292	-0.6476838041921262	0.0	0.0
ACT	0.004177483626755781	-0.6300512730680379	0.0	0.0
ACTA	0.002867838230633632	-0.10559347406646484	7.103774799526917e-11	5.540943037729562e-09
ACTAA	0.004341878859447629	0.4613299960783101	3.183285093281489e-199	0.0
ACTAC	0.0032992535106013223	-0.7044115415450931	0.0	0.0
ACTAG	0.0030771067375764964	0.4988505211603267	8.209190547767994e-238	0.0
ACTAT	0.011983050717725239	-0.7231023049372092	0.0	0.0
ACTC	0.00288910131720319	-0.1742131033542177	3.1855176879109467e-27	0.0
ACTCA	0.008665984247592795	-0.603132536490623	0.0	0.0
ACTCC	0.00311489217617324	-0.509188927830611	2.554016667414164e-249	0.0
ACTCG	0.001820914734366161	-0.45039811530517465	7.382531748003573e-189	0.0
ACTCT	0.0030106569390889815	0.5578532226257225	3.564967941766664e-309	0.0
ACTG	0.014766337497009568	-0.8818279078559932	0.0	0.0
ACTGA	0.015927643887884223	-0.8926926028342013	0.0	0.0
ACTGC	0.0031908534215391313	-0.09821743270294889	1.3543190712894248e-09	9.979209081301121e-08
ACTGG	0.008444429116764438	-0.698926322511745	0.0	0.0
ACTGT	0.004435474474499823	-0.14858338255619102	3.6559656503623815e-20	0.0
ACTT	0.004312006517202171	0.7010519208003139	0.0	0.0
ACTTA	0.003319829593521546	-0.2343522186189279	1.7901147051346558e-48	0.0
ACTTC	0.01445422401150957	-0.5150739563479476	4.760019859862377e-256	0.0
ACTTG	0.001615864588376701	0.0691342377889248	2.0358052073997336e-05	0.0010784058450350464
ACTTT	0.00601109451215858	0.7744375736617637	0.0	0.0
AGA	0.0077620204110410975	-0.8400669673008494	0.0	0.0
AGAA	0.002182367130501945	-0.5781136924257299	0.0	0.0
AGAAA	0.013822907087579722	-0.8614514897699652	0.0	0.0
AGAAC	0.0015971647512658524	-0.4738173492576976	1.5525455639659591e-211	0.0
AGAAG	0.005097203210518648	-0.79596495308467	0.0	0.0
AGAAT	0.0053274294523008095	0.7710508038007635	0.0	0.0
AGAC	0.0030598661350532317	0.5496493996223786	2.204437801892376e-298	0.0
AGACA	0.005363654234313325	-0.6913240122373219	0.0	0.0
AGACC	0.02519828029961746	0.6577213580188828	0.0	0.0
AGACG	0.007841426507861949	0.7165984758350473	0.0	0.0
AGACT	0.005726458804604582	-0.22560946347388422	5.802764769521749e-45	0.0
AGAG	0.009055145906641584	-0.7692084855994645	0.0	0.0
AGAGA	0.016026900494210673	-0.8487038387134316	0.0	0.0
AGAGC	0.005440351532959185	-0.7851428693709297	0.0	0.0
AGAGG	0.00422309164372327	-0.3165166225915997	5.4147484938443604e-89	0.0
AGAGT	0.0024011962320610683	0.16751199390953325	2.8920600946052343e-25	0.0
AGAT	0.0027439801723741887	-0.26338636686855804	3.3180206200522114e-61	0.0
AGATA	0.0037731243422205337	0.6693203381082031	0.0	0.0
AGATC	0.0030547377716597657	0.38226155828241903	3.332890757308882e-132	0.0
AGATG	0.004053248755405194	0.44008781444312084	2.0087813754704034e-179	0.0
AGATT	0.001820440031432293	0.19889213199844316	3.9263117599090836e-35	0.0
AGC	0.012900609856026191	-0.6825718824999905	0.0	0.0
AGCA	0.0066033144851172475	-0.34903556056456686	4.510826175315684e-109	0.0
AGCAA	0.01075416037439891	-0.6426217200355075	0.0	0.0
AGCAC	0.0041205286961947	0.7873348037852159	0.0	0.0
AGCAG	0.0014787262012065435	-0.024784574981500804	0.12702333010178507	0.8871147903659383
AGCAT	0.0034157132613248133	0.5361736702090383	2.697017366965313e-281	0.0
AGCC	0.003623946102860299	0.40866172611492035	1.3139616128803118e-152	0.0
AGCCA	0.0033311729455051957	0.5516474837226029	5.529476038699511e-301	0.0
AGCCC	0.0021246367055334186	0.45738386517522217	1.9417839045150163e-195	0.0
AGCCG	0.009552063167979444	-0.7798095356473823	0.0	0.0
AGCCT	0.006352519483552646	-0.632198611785551	0.0	0.0
AGCG	0.01490211417545922	-0.902551277191063	0.0	0.0
AGCGA	0.024695918111491574	-0.9178445251346853	0.0	0.0
AGCGC	0.0039182992031523345	-0.7650931483973944	0.0	0.0
AGCGG	0.0024459799789494077	0.015794331367297878	0.33088016212595794	0.9920702482229454
AGCGT	0.0017157781526228558	-0.6842048457212899	0.0	0.0
AGCT	0.004986162214874552	-0.5161656575236514	2.5979429427036414e-257	0.0
AGCTA	0.001787336715378332	0.6472305718951272	0.0	0.0
AGCTC	0.0021782782893705888	-0.5138512195359335	1.2210278720758308e-254	0.0
AGCTG	0.0036524393852548796	-0.7557736898937439	0.0	0.0
AGCTT	0.0021788338238690145	-0.3872689648680042	6.2347961681550416e-136	0.0
AGG	0.025618715657642333	0.8145394462002609	0.0	0.0
AGGA	0.003392903181154522	0.4856216684806518	1.1821185739341564e-223	0.0
AGGAA	0.003280739491339253	-0.1429278969476772	9.241269647200785e-19	0.0
AGGAC	0.0026960792176193875	0.09579730288716543	3.4050023032969546e-09	2.3494513012867202e-07
AGGAG	0.006872366041426599	0.7293664600347786	0.0	0.0
AGGAT	0.0024379925300797374	-0.14917713315039266	2.585296383908336e-20	0.0
AGGC	0.0026229672364736015	0.3363030308182597	6.422297854905547e-101	0.0
AGGCA	0.004489112094305896	0.40780897913674563	6.413247566423108e-152	0.0
AGGCC	0.0034184725867677295	0.4477950126061954	1.91021397375478e-186	0.0
AGGCG	0.004270318499945053	-0.5955010715953104	0.0	0.0
AGGCT	0.004941581526377649	0.8018737480580125	0.0	0.0
AGGG	0.00594961396156865	0.8408482556984143	0.0	0.0
AGGGA	0.002652966582676728	0.036063288830188	0.026368625438537383	0.44450478033606744
AGGGC	0.01677449222956525	0.8926943791704065	0.0	0.0
AGGGG	0.0065444723503910686	0.6765272048221385	0.0	0.0
AGGGT	0.0034720649826027027	0.767397390591048	0.0	0.0
AGGT	0.01198314785964825	0.8800453091343332	0.0	0.0
AGGTA	0.00717884646601064	0.8369028556296283	0.0	0.0
AGGTC	0.0022378036707096146	-0.3689380212882132	1.3447975982045037e-122	0.0
AGGTG	0.006535637904337411	0.7513060943751648	0.0	0.0
AGGTT	0.014098923169762792	0.7715637119688481	0.0	0.0
AGT	0.010547114352334302	0.6944007021632721	0.0	0.0
AGTA	0.00573560880485117	0.8078237037023077	0.0	0.0
AGTAA	0.003484244697603586	-0.7554517233988427	0.0	0.0
AGTAC	0.001511665417347815	0.4340195945925234	5.071341848136847e-174	0.0
AGTAG	0.002037776730834795	0.7118089710101819	0.0	0.0
AGTAT	0.0020306394205129538	0.5542449171288545	2.1651951260941915e-304	0.0
AGTC	0.002673479570000533	-0.4185801935416329	9.154061842706933e-161	0.0
AGTCA	0.0038363354924298206	0.7018588681684279	0.0	0.0
AGTCC	0.0017342505242733232	-0.4064713360158561	7.6388951950013e-151	0.0
AGTCG	0.0006540560204047119	-0.05194348633576083	0.001375493477609966	0.048344188530071164
AGTCT	0.003570392743747157	-0.7384659617732545	0.0	0.0
AGTG	0.009629634272035734	0.8154600815545688	0.0	0.0
AGTGA	0.003038854293426781	0.17305828111358706	7.019861871512795e-27	0.0
AGTGC	0.014850716619639926	0.7495508468164548	0.0	0.0
AGTGG	0.0031613503010464537	0.31034558369574555	1.8732517549151833e-85	0.0
AGTGT	0.004687724579118526	0.8118452837848011	0.0	0.0
AGTT	0.0034098457134614716	-0.7002566814492743	0.0	0.0
AGTTA	0.0020736935047970524	0.5083759952327292	2.120709229469484e-248	0.0
AGTTC	0.005996094645492585	0.7077218214631069	0.0	0.0
AGTTG	0.0023155491683775	-0.47401229086371005	9.87997973103494e-212	0.0
AGTTT	0.003717975475006775	-0.6182926864941158	0.0	0.0
ATA	0.003609472953286671	0.31274414236062437	8.073918229701761e-87	0.0
ATAA	0.004844385400009957	-0.6798924118651968	0.0	0.0
ATAAA	0.0027621199496552177	0.3052279090235499	1.392440578475535e-82	0.0
ATAAC	0.0016844180664389598	0.3591627486877099	7.815152537111727e-116	0.0
ATAAG	0.004216153652084475	-0.8570629286564735	0.0	0.0
ATAAT	0.012550680559233956	-0.8025597571092465	0.0	0.0
ATAC	0.004259274850848036	0.5131887677044672	7.042952691468791e-254	0.0
ATACA	0.002602133548591666	-0.21599180896360431	2.8639322012973887e-41	0.0
ATACC	0.0014730809430774736	-0.09608756626238753	3.052150453606173e-09	2.1365050695276722e-07
ATACG	0.0010617931387197992	-0.7020286923586634	0.0	0.0
ATACT	0.008396670798451833	0.7730798757805128	0.0	0.0
ATAG	0.02525271730409244	0.9002500626737251	0.0	0.0
ATAGA	0.012452490234139326	0.8556794556590483	0.0	0.0
ATAGC	0.006497376024522671	-0.5883213225190942	0.0	0.0
ATAGG	0.013766206498398322	0.8551794559073981	0.0	0.0
ATAGT	0.005015593071974485	0.8512179817381402	0.0	0.0
ATAT	0.0022531798744689804	0.5367194469659394	5.67306868057817e-282	0.0
ATATA	0.0040128605874983365	0.5887619500838235	0.0	0.0
ATATC	0.0031407500328103416	0.7881316729020775	0.0	0.0
ATATG	0.004775815435504478	-0.5998720125009231	0.0	0.0
ATATT	0.004402035655848499	-0.3759190386584222	1.418671146883298e-127	0.0
ATC	0.002594574846079476	0.0641984903009734	7.619265224947628e-05	0.00365070655058497
ATCA	0.002562375742744293	-0.0013958204390005918	0.9315258520122797	0.9999942676473245
ATCAA	0.008301043105735675	-0.6645232418401801	0.0	0.0
ATCAC	0.003164999613162953	0.16724825758212464	3.440598175756141e-25	0.0
ATCAG	0.0030015264727771304	0.6334881793989129	0.0	0.0
ATCAT	0.007044242047928238	-0.6522716988431166	0.0	0.0
ATCC	0.0036139318418934524	0.6165687529148343	0.0	0.0
ATCCA	0.004090341637882511	0.4723122198379207	5.0383946886279046e-210	0.0
ATCCC	0.00891314012046241	0.6304217606452273	0.0	0.0
ATCCG	0.003391339689299511	-0.590073450558941	0.0	0.0
ATCCT	0.005169526831998838	0.8129253342207825	0.0	0.0
ATCG	0.0024394817654647774	0.17839142042754857	1.7444132482799445e-28	0.0
ATCGA	0.0015932200442976615	-0.24327744600333256	3.2821473376864247e-52	0.0
ATCGC	0.0020447903185666244	-0.8342369527997444	0.0	0.0
ATCGG	0.0024726081571479026	-0.7780819414265134	0.0	0.0
ATCGT	0.011522724605517596	0.598041613800529	0.0	0.0
ATCT	0.002148589080889223	-0.2457721940351426	2.7785441908846953e-53	0.0
ATCTA	0.0014831560671425337	-0.3513966265754834	1.259037619297767e-110	0.0
ATCTC	0.032062272832208	-0.6835827475361582	0.0	0.0
ATCTG	0.003071640285546907	0.2920437467186415	1.8985551216679124e-75	0.0
ATCTT	0.002098093679920427	-0.3171800771129263	2.2287038212127907e-89	0.0
ATG	0.00505964747116153	-0.6452159549014254	0.0	0.0
ATGA	0.0090669645600764	-0.58334418919753	0.0	0.0
ATGAA	0.008523681943361401	-0.563015536739611	4.0302481e-316	0.0
ATGAC	0.025250013057657276	-0.8160250288806857	0.0	0.0
ATGAG	0.0015475974751957824	0.12782293204394551	2.7651884395313257e-15	2.7200464103316335e-13
ATGAT	0.006006810371802803	0.8632643508680908	0.0	0.0
ATGC	0.0033657024818478606	-0.2406398296483938	4.331385919084457e-51	0.0
ATGCA	0.01616114149927893	-0.6205397125996724	0.0	0.0
ATGCC	0.0013216972053128385	-0.3683565269432159	3.448849404968248e-122	0.0
ATGCG	0.0012562785613465242	-0.17157757239821037	1.9178931132717873e-26	0.0
ATGCT	0.007683684538257637	0.8826210172123459	0.0	0.0
ATGG	0.0022321630842133157	-0.3393441508792258	7.851109204027064e-103	0.0
ATGGA	0.00765257583584724	-0.8459367984222985	0.0	0.0
ATGGC	0.003450148103821675	0.7042553167220157	0.0	0.0
ATGGG	0.015517924078223578	-0.7086236538375749	0.0	0.0
ATGGT	0.007953055863291567	0.8595011634937986	0.0	0.0
ATGT	0.002426635608656577	-0.22966181159430474	1.4277442416218541e-46	0.0
ATGTA	0.0009556413108494864	0.07761640238226204	1.7081607237996094e-06	9.777837518076815e-05
ATGTC	0.001799246391429504	-0.37003610551814164	2.25926275549285e-123	0.0
ATGTG	0.011968935659805433	-0.7874469592856973	0.0	0.0
ATGTT	0.0021288310533538997	-0.5109893305185782	2.303826141325793e-251	0.0
ATT	0.004470073771302138	0.008069211075693139	0.6193724350228554	0.9997558591061502
ATTA	0.0021381470626429585	0.34223347592871145	1.1418105391139612e-104	0.0
ATTAA	0.005064492906911502	-0.019076207644818377	0.24022783734453018	0.9837725357708298
ATTAC	0.003216593325448191	-0.6346735693006635	0.0	0.0
ATTAG	0.0028484236948465454	0.5573185246534065	1.839108439883906e-308	0.0
ATTAT	0.012494252855302554	0.8552704365340358	0.0	0.0
ATTC	0.004331514349011304	-0.42731983235876186	3.489019491986167e-168	0.0
ATTCA	0.0023751925705650383	-0.7712371735606537	0.0	0.0
ATTCC	0.002941897822630563	0.4668931475093884	1.2053569698159033e-204	0.0
ATTCG	0.005090285126696524	-0.7924840600388767	0.0	0.0
ATTCT	0.003683326877210457	0.3412811541851317	4.6275039129413826e-104	0.0
ATTG	0.002634841463943074	0.1199311939456634	1.2668916381825358e-13	1.1400880239875733e-11
ATTGA	0.00207057442097301	-0.0638454132569267	8.345045786514411e-05	0.0038315221575244696
ATTGC	0.005731207481888146	0.6129084814395099	0.0	0.0
ATTGG	0.0032037412725138686	-0.6952816046864518	0.0	0.0
ATTGT	0.01823656146468093	-0.7388216286905559	0.0	0.0
ATTT	0.003945690208612385	0.7007556278410556	0.0	0.0
ATTTA	0.0016773904531687382	0.3855310971970154	1.2475337899543477e-134	0.0
ATTTC	0.0018686559533232277	-0.11523352193078126	1.1000528862404632e-12	9.130074474228422e-11
ATTTG	0.002986004385764996	-0.6520975242374786	0.0	0.0
ATTTT	0.0025955541092684497	-0.3474230642667595	5.1056289131816565e-108	0.0
CAA	0.076234677511423	-0.7693089806687451	0.0	0.0
CAAA	0.006708365254586938	-0.6708293175355056	0.0	0.0
CAAAA	0.004134540760877616	0.01044231472753249	0.5203311107485461	0.9996907162751253
CAAAC	0.003123312686222599	0.7298009467079554	0.0	0.0
CAAAG	0.007189607719407997	-0.6443233589504846	0.0	0.0
CAAAT	0.005449879374762841	-0.6575953840411034	0.0	0.0
CAAC	0.006025760821355309	-0.7286033507514418	0.0	0.0
CAACA	0.004459257148094037	-0.6173586982471277	0.0	0.0
CAACC	0.004227904019350546	0.7588215652816488	0.0	0.0
CAACG	0.009726223942730091	-0.8858370957441745	0.0	0.0
CAACT	0.00287494028139992	-0.6174637900529452	0.0	0.0
CAAG	0.025953462252600226	-0.7206307010453016	0.0	0.0
CAAGA	0.013342644228156713	-0.9112085015361606	0.0	0.0
CAAGC	0.002949358954689532	-0.7360199741064593	0.0	0.0
CAAGG	0.0035823557448953517	0.6412306238344583	0.0	0.0
CAAGT	0.0030820317009248185	-0.6375918732102295	0.0	0.0
CAAT	0.010064153839375822	-0.8705322015151766	0.0	0.0
CAATA	0.0018826979370865232	-0.08897766952406891	4.0591941009862416e-08	2.679064573740675e-06
CAATC	0.008373343912411872	-0.797844490599737	0.0	0.0
CAATG	0.00846793095020929	-0.7412407034906039	0.0	0.0
CAATT	0.005849052704111175	-0.718817588333475	0.0	0.0
CAC	0.0060550186808702505	0.7434004292205358	0.0	0.0
CACA	0.007233034112224043	0.8572801510511591	0.0	0.0
CACAA	0.004048743282939279	-0.7550086835112406	0.0	0.0
CACAC	0.00325111417518104	0.6950673697724816	0.0	0.0
CACAG	0.008457921414505262	0.8498148269250185	0.0	0.0
CACAT	0.0075085849536272	0.8727512365441127	0.0	0.0
CACC	0.010788258772345297	0.4413962271640478	1.329295538664124e-180	0.0
CACCA	0.00494596450253188	0.05759253484179485	0.0003877569488608497	0.015877558466998676
CACCC	0.005534307694441915	-0.14875860074777192	3.301073735534228e-20	0.0
CACCG	0.001676519233461206	0.6251355189691492	0.0	0.0
CACCT	0.00395683982210233	0.7422515929385376	0.0	0.0
CACG	0.0044520073708377945	-0.7739662887664622	0.0	0.0
CACGA	0.00685263799893044	0.6458046006729773	0.0	0.0
CACGC	0.012436222486898378	-0.6988319018866748	0.0	0.0
CACGG	0.0033349273870472034	-0.32140501319782144	7.41057681412716e-92	0.0
CACGT	0.0038023384312068915	-0.586119934354391	0.0	0.0
CACT	0.0033182829726352897	-0.44371005642613703	1.0601878406295924e-182	0.0
CACTA	0.009521887204246737	-0.5952973399655058	0.0	0.0
CACTC	0.0037688633573007765	-0.6233250272007973	0.0	0.0
CACTG	0.011945906636096452	-0.8111818635528791	0.0	0.0
CACTT	0.007495350028672496	0.7944690741668917	0.0	0.0
CAG	0.012379381084984015	0.8154579677422644	0.0	0.0
CAGA	0.011598993724121657	0.08025497652692455	7.482891310297827e-07	4.489635678606163e-05
CAGAA	0.011863097887478694	-0.00048713354235138846	0.9760770906905346	0.9999942676473245
CAGAC	0.002873511034432705	-0.4831480647041258	4.483629803149312e-221	0.0
CAGAG	0.0044027714168745746	-0.5702148920065545	0.0	0.0
CAGAT	0.0029809875683366174	0.41880464262611006	5.940470715359469e-161	0.0
CAGC	0.0027741804627248673	-0.41921055743414815	2.715405109109517e-161	0.0
CAGCA	0.004680959489262082	-0.7284789158252394	0.0	0.0
CAGCC	0.007623617669133343	0.852679254773886	0.0	0.0
CAGCG	0.013154109935054184	-0.7642342111474594	0.0	0.0
CAGCT	0.004687953669981066	0.4742886785634554	5.202842640712126e-212	0.0
CAGG	0.07082341599514595	0.8713788699589353	0.0	0.0
CAGGA	0.010586510823016496	0.7802433393379511	0.0	0.0
CAGGC	0.009973852196182862	0.6643466832287637	0.0	0.0
CAGGG	0.0027217115350430675	0.5318622094076069	5.4450573158527035e-276	0.0
CAGGT	0.015356045605320962	0.8556395591928434	0.0	0.0
CAGT	0.014440333897758563	0.7720194153180573	0.0	0.0
CAGTA	0.004035804899490267	0.5053362125200614	5.518898269707204e-245	0.0
CAGTC	0.0018850800613018476	0.12343823114551335	2.3858808848411815e-14	2.2198909377380005e-12
CAGTG	0.009222745672566335	0.8774655550404753	0.0	0.0
CAGTT	0.0018013854354889244	-0.29524966208400016	3.7839918961727505e-77	0.0
CAT	0.004249569227592256	0.36372632535192473	5.813714360969446e-119	0.0
CATA	0.0028913350436200027	0.23104292794474862	3.9725708632270343e-47	0.0
CATAA	0.01964451258589908	-0.7948208287004309	0.0	0.0
CATAC	0.005376487758305522	0.8612374205439963	0.0	0.0
CATAG	0.003397847630773015	0.6299179008293438	0.0	0.0
CATAT	0.0017184299097165866	0.12761707747962686	3.064763138310787e-15	3.015365734881925e-13
CATC	0.0019971419178409474	-0.43243651375019976	1.2485386192232953e-172	0.0
CATCA	0.016279620909193736	-0.7809280428647108	0.0	0.0
CATCC	0.0024792733400347444	-0.34180699272946635	2.1381145134172e-104	0.0
CATCG	0.010656613617100928	0.7250342964798613	0.0	0.0
CATCT	0.0025736200494867975	0.3653711413867913	4.210014782067804e-120	0.0
CATG	0.002713867102303095	0.1447395991475834	3.3297880309278803e-19	0.0
CATGA	0.00462236159241466	0.3074048649077432	8.500728002297405e-84	0.0
CATGC	0.002015515746108106	0.38437023785075386	9.138206366443526e-134	0.0
CATGG	0.006763620104482714	0.636288097474875	0.0	0.0
CATGT	0.002936623810759373	0.3441685053876566	6.548056102951595e-106	0.0
CATT	0.003411162365102245	0.4910371992478561	2.2481928630614723e-229	0.0
CATTA	0.002192980635885727	-0.5961475286561642	0.0	0.0
CATTC	0.003477922646889423	0.5983005553718648	0.0	0.0
CATTG	0.003131819588998276	-0.21559181785341838	4.043615329195669e-41	0.0
CATTT	0.004188015644060409	0.7555471595748445	0.0	0.0
CCA	0.002283209445297504	-0.04845030092187391	0.0028422742388858127	0.09223969798464693
CCAA	0.0018620694525831255	0.28573626248266726	3.6327471266605483e-72	0.0
CCAAA	0.0017308915701241246	-0.20023185935443316	1.3576503010920215e-35	0.0
CCAAC	0.014111390600879592	0.7585875767901673	0.0	0.0
CCAAG	0.003275513376292265	-0.6564342601232251	0.0	0.0
CCAAT	0.015622015998552887	-0.8208025353790456	0.0	0.0
CCAC	0.0047651010043121755	0.5520583702149748	1.6058431539792445e-301	0.0
CCACA	0.001773064471040426	0.4527414788211094	4.7648113260569334e-191	0.0
CCACC	0.014047617166359804	0.6986607203391031	0.0	0.0
CCACG	0.0018602995067912387	-0.65448813931774	0.0	0.0
CCACT	0.004534391920730578	0.4528146663099679	4.067863659575241e-191	0.0
CCAG	0.005650486822612567	-0.436014238204938	8.740849938293328e-176	0.0
CCAGA	0.008571103288190184	-0.8935024713184833	0.0	0.0
CCAGC	0.013209391078631963	-0.7530062015715171	0.0	0.0
CCAGG	0.006861035037545654	0.8107178329087672	0.0	0.0
CCAGT	0.006095690511949673	0.8435168149402494	0.0	0.0
CCAT	0.010590484484885145	0.8026469894491394	0.0	0.0
CCATA	0.04125821220474877	0.7606532377660077	0.0	0.0
CCATC	0.004446471203109821	0.827051703447035	0.0	0.0
CCATG	0.0024942561544660574	-0.5967511341108234	0.0	0.0
CCATT	0.0046527384664486185	0.4217303663619707	2.054856028300607e-163	0.0
CCC	0.0025064148342008566	0.07137876895205046	1.084446062192647e-05	0.0005962707282060054
CCCA	0.004282229545651005	0.7750811872501295	0.0	0.0
CCCAA	0.01230188797844217	0.7374033598894246	0.0	0.0
CCCAC	0.01089270221192856	0.7817646448568135	0.0	0.0
CCCAG	0.05534505300896325	-0.7197967418307802	0.0	0.0
CCCAT	0.024396640663172046	0.7230669235421087	0.0	0.0
CCCC	0.008927517257588623	0.6803689649504154	0.0	0.0
CCCCA	0.0022193422728707854	0.3431767150305448	2.841397866834838e-105	0.0
CCCCC	0.0022285795485783378	-0.25200715249880973	5.129433073499225e-56	0.0
CCCCG	0.0023275813470575416	0.05854151687128095	0.00030994184659258905	0.013241119965945902
CCCCT	0.005731375301639987	0.7950164588812354	0.0	0.0
CCCG	0.008343552531225812	-0.6011842814362245	0.0	0.0
CCCGA	0.010534562751550859	-0.8464671415671592	0.0	0.0
CCCGC	0.0011032271509309121	0.21605292236168008	2.7167369841799083e-41	0.0
CCCGG	0.017743073610805887	-0.6853332850696182	0.0	0.0
CCCGT	0.001412363019567334	-0.5808614607901907	0.0	0.0
CCCT	0.006598037849265771	0.2712600243167521	5.984268439771741e-65	0.0
CCCTA	0.00219634394943856	0.44383335756319464	8.186771032939981e-183	0.0
CCCTC	0.002499378156881201	0.6249622412716335	0.0	0.0
CCCTG	0.0026354259195282793	-0.2498370553595282	4.680524146900717e-55	0.0
CCCTT	0.0022413083543931784	-0.10745896266218839	3.261020332991872e-11	2.608819826832587e-09
CCG	0.028245015791801102	-0.6739884613447686	0.0	0.0
CCGA	0.018639706787647512	-0.863487247819313	0.0	0.0
CCGAA	0.02625997917919165	-0.877642879932105	0.0	0.0
CCGAC	0.0076447290190400545	-0.8893573072478119	0.0	0.0
CCGAG	0.0029160067377633474	0.4133437200936063	2.006559837570056e-156	0.0
CCGAT	0.0021745082076753473	-0.7741671620797688	0.0	0.0
CCGC	0.005532512136783802	0.4989796720250447	5.9289829936872596e-238	0.0
CCGCA	0.0015750011130114467	-0.13977975302028595	5.279133653740953e-18	0.0
CCGCC	0.0034086548204733487	0.7070180311737309	0.0	0.0
CCGCG	0.018187381699042923	-0.8141320518953588	0.0	0.0
CCGCT	0.0017117231050610522	0.7451200535790545	0.0	0.0
CCGG	0.026986130884114765	-0.6199252317685203	0.0	0.0
CCGGA	0.0622654774157382	-0.8641786603666278	0.0	0.0
CCGGC	0.0040980230724438115	-0.09822851960454528	1.3485418796773556e-09	9.979209081301121e-08
CCGGG	0.0023867184502404685	0.16709711663291532	3.8001738290826753e-25	0.0
CCGGT	0.0011631596063955232	0.08379883507013014	2.3704762755222667e-07	1.4459802449073855e-05
CCGT	0.0021999898304645112	0.1964196890060122	2.731665727689941e-34	0.0
CCGTA	0.0014430575092928537	-0.18480563427991703	1.753423480875979e-30	0.0
CCGTC	0.025029645026017212	-0.771147340333111	0.0	0.0
CCGTG	0.0007726565442590401	-0.4746105183200975	2.4637715124701257e-212	0.0
CCGTT	0.00891955482591208	0.15319488092804615	2.387912109616577e-21	0.0
CCT	0.003713225767669327	0.3299327210929079	5.557115189591497e-97	0.0
CCTA	0.00586629027273638	-0.4952346858646157	7.019109208765548e-234	0.0
CCTAA	0.005649204667113404	-0.7905545437696473	0.0	0.0
CCTAC	0.002155423403333926	0.5329188510898658	2.772962836378207e-277	0.0
CCTAG	0.0030867875825494845	-0.35356923232457654	4.550337642266441e-112	0.0
CCTAT	0.002811007170851559	-0.736439018369307	0.0	0.0
CCTC	0.004088420960665548	-0.10589888807863515	6.259330793751241e-11	4.944867848521994e-09
CCTCA	0.0026375308294008383	-0.6678699756754157	0.0	0.0
CCTCC	0.0069860679532269	0.7272833596409147	0.0	0.0
CCTCG	0.0023085030907670618	-0.4095390991630402	2.559207259121291e-153	0.0
CCTCT	0.004000856068202205	0.7208339812592355	0.0	0.0
CCTG	0.00429326274594635	0.11971144777251697	1.4043628172715632e-13	1.2359002710127243e-11
CCTGA	0.0027938490158116716	-0.7058384725767791	0.0	0.0
CCTGC	0.007666908139826638	-0.43594511768144334	1.0066185859083965e-175	0.0
CCTGG	0.015580013898282329	0.15719843785903803	2.084940515582684e-22	0.0
CCTGT	0.013083028227435066	0.7529695312388094	0.0	0.0
CCTT	0.0038008235850994616	-0.37475554264219724	9.77002311980607e-127	0.0
CCTTA	0.003382327908148555	-0.39427716823492903	2.930004968998811e-141	0.0
CCTTC	0.0019382222552080633	-0.16398495138610664	2.8820767341297446e-24	0.0
CCTTG	0.003592370015481097	-0.635566986466656	0.0	0.0
CCTTT	0.005188053716147246	-0.10769855022451716	2.947848087788653e-11	2.3877609889311202e-09
CGA	0.04365845078875827	-0.8833716814539785	0.0	0.0
CGAA	0.03839428200605777	-0.7971677028327098	0.0	0.0
CGAAA	0.002023464504421788	0.26622379323040435	1.5355602844927733e-62	0.0
CGAAC	0.0013422695544045575	-0.40260880415870437	9.169817383274372e-148	0.0
CGAAG	0.005484646840008751	-0.8975995104520729	0.0	0.0
CGAAT	0.00229470488678031	-0.6381715560307737	0.0	0.0
CGAC	0.02969516768736594	-0.8652131149274146	0.0	0.0
CGACA	0.02348311861370625	-0.8615968636650136	0.0	0.0
CGACC	0.006035266485929675	-0.8116198079893003	0.0	0.0
CGACG	0.0035129386146834796	0.6558527723910523	0.0	0.0
CGACT	0.0018220578458705767	-0.17480464908061383	2.120709937089064e-27	0.0
CGAG	0.004631280506849079	-0.7545488498711379	0.0	0.0
CGAGA	0.0011392574052638542	-0.5701913836704179	0.0	0.0
CGAGC	0.0033849054915467635	-0.846753006546002	0.0	0.0
CGAGG	0.0037532052959231934	-0.6465255573288581	0.0	0.0
CGAGT	0.028269480056657047	0.6309991557881013	0.0	0.0
CGAT	0.0019984916535636236	-0.3245133672200825	1.0493616725164252e-93	0.0
CGATA	0.0008744176954544014	-0.6884529223760836	0.0	0.0
CGATC	0.0008041165219841289	-0.7292334370773172	0.0	0.0
CGATG	0.002029111068431493	0.6716309996246754	0.0	0.0
CGATT	0.00040095344832036576	-0.5059347789407036	1.1804880625586743e-245	0.0
CGC	0.024889176867447307	-0.722018295563912	0.0	0.0
CGCA	0.009240136020573539	-0.8037990362882159	0.0	0.0
CGCAA	0.00967590002294069	-0.8258429032115534	0.0	0.0
CGCAC	0.00048662980206910593	-0.40047176804069634	4.452431962972251e-146	0.0
CGCAG	0.0022170060165929146	0.7173025398976669	0.0	0.0
CGCAT	0.0030319459284021523	-0.19978603958085348	1.934763181711279e-35	0.0
CGCC	0.005000568548560578	-0.5170748301211364	2.2871519660369933e-258	0.0
CGCCA	0.00702636574605182	0.7504656070437303	0.0	0.0
CGCCC	0.002175427156347612	-0.5766305319691968	0.0	0.0
CGCCG	0.00161145066127484	-0.5284180124610328	8.300383609625063e-272	0.0
CGCCT	0.0021398838075160254	-0.5019413012255853	3.277646924504842e-241	0.0
CGCG	0.0808404688562648	-0.8362766267974122	0.0	0.0
CGCGA	0.004085480200265817	-0.7440243523488658	0.0	0.0
CGCGC	0.0060532828389545336	-0.8956362376718967	0.0	0.0
CGCGG	0.028861351951018497	-0.7823627088907043	0.0	0.0
CGCGT	0.001760883668760315	-0.6055746508852128	0.0	0.0
CGCT	0.006018250813314828	-0.5100123379866925	2.975599500986354e-250	0.0
CGCTA	0.002326708703682996	-0.7900862172247703	0.0	0.0
CGCTC	0.003217069516137887	-0.12325297323813797	2.6089935502037768e-14	2.3742119381608973e-12
CGCTG	0.0010444964211700626	-0.6233751288563516	0.0	0.0
CGCTT	0.004112854138837607	-0.881555771994451	0.0	0.0
CGG	0.07214257019647316	-0.6948345813737062	0.0	0.0
CGGA	0.02997972115833585	-0.9032058799233931	0.0	0.0
CGGAA	0.0019699792704635597	-0.6335203180550855	0.0	0.0
CGGAC	0.0011144667599957867	0.2529376549519161	1.9745702657618275e-56	0.0
CGGAG	0.06347354053383783	-0.8940741396026521	0.0	0.0
CGGAT	0.006659008350828027	-0.7615129855569116	0.0	0.0
CGGC	0.04653416474556092	-0.5410114183660542	2.4309341105128943e-287	0.0
CGGCA	0.0021788081546608383	-0.16879599291903885	1.2365938539351678e-25	0.0
CGGCC	0.00786682381290862	-0.7436369154116496	0.0	0.0
CGGCG	0.005921028613645171	-0.6341396784214146	0.0	0.0
CGGCT	0.011991876422134473	-0.7587697559155693	0.0	0.0
CGGG	0.00234219008513518	-0.39713518974440687	1.8057067714247457e-143	0.0
CGGGA	0.0006231873414228243	-0.08413116864776152	2.123098964577785e-07	1.3163128341986408e-05
CGGGC	0.0013041274693780627	-0.048600698726972716	0.002757294834225031	0.09211595391038652
CGGGG	0.005186595121306067	-0.621856682555853	0.0	0.0
CGGGT	0.0030536354845953975	-0.8218957028112361	0.0	0.0
CGGT	0.012130415132574169	-0.8002340192915203	0.0	0.0
CGGTA	0.0003430683607354712	0.32261197603207803	1.4272980960175385e-92	0.0
CGGTC	0.001986709515613606	-0.708275685316091	0.0	0.0
CGGTG	0.0022840012716852185	-0.6449938412942852	0.0	0.0
CGGTT	0.01454532740064887	-0.9203392715048542	0.0	0.0
CGT	0.0092086459402472	-0.7296911172750098	0.0	0.0
CGTA	0.0036628450988224473	-0.7898996651552159	0.0	0.0
CGTAA	0.0007073439659439971	0.4264780533319507	1.84868894365692e-167	0.0
CGTAC	0.007279148698128984	-0.8728826929315603	0.0	0.0
CGTAG	0.0001594302060628311	0.04670693574551607	0.004017323036364643	0.1243936552050221
CGTAT	0.0024201300304477606	0.6509487788491577	0.0	0.0
CGTC	0.012889944678847543	-0.7437800552030435	0.0	0.0
CGTCA	0.001650953869342255	0.6400906497031171	0.0	0.0
CGTCC	0.017641274773256416	-0.6237284777530042	0.0	0.0
CGTCG	0.0018975183822560414	-0.6854518853194096	0.0	0.0
CGTCT	0.030278618725617108	-0.7599048569342897	0.0	0.0
CGTG	0.0036186423963009864	0.558076802150304	1.79358812592639e-309	0.0
CGTGA	0.002019351253274473	0.7266820187824798	0.0	0.0
CGTGC	0.002721513606783934	-0.5179905271201521	1.9639991216418373e-259	0.0
CGTGG	0.007009152385309631	0.7027162666932014	0.0	0.0
CGTGT	0.003927931131132849	-0.6162495260488987	0.0	0.0
CGTT	0.0031101980717780846	-0.531617095116454	1.0846858524511703e-275	0.0
CGTTA	0.0034713575208992803	-0.7690413834487195	0.0	0.0
CGTTC	0.010052039080043084	0.758312995258733	0.0	0.0
CGTTG	0.00515489229049573	-0.8117053373316477	0.0	0.0
CGTTT	0.0011485673604623567	-0.696136307246376	0.0	0.0
CTA	0.004984705829968396	0.0573972919024839	0.00040588058516611967	0.016107385095194604
CTAA	0.005006214947429813	-0.7848779232647556	0.0	0.0
CTAAA	0.011292092359020045	-0.4846575256423384	1.203361221306527e-222	0.0
CTAAC	0.003998496432540178	-0.6289062394498761	0.0	0.0
CTAAG	0.001966081602594975	0.3713343636667622	2.7173885580000634e-124	0.0
CTAAT	0.004918738649696109	0.5635579317653249	7.384324e-317	0.0
CTAC	0.004803519253061519	0.6232734006978801	0.0	0.0
CTACA	0.0018040481432629865	-0.26100154046844376	4.2656532882403195e-60	0.0
CTACC	0.0014555329739977133	0.5063083839030247	4.50114591185263e-246	0.0
CTACG	0.0003687753985179688	0.1871654216132388	3.091552092075113e-31	0.0
CTACT	0.004824156460029298	0.7551615735612688	0.0	0.0
CTAG	0.0021656900568921664	-0.054995947777608814	0.0007039013719770739	0.026402855868419617
CTAGA	0.009522440369536271	0.7524849293358782	0.0	0.0
CTAGC	0.003122309415281649	-0.6775412237774032	0.0	0.0
CTAGG	0.006109486240024314	0.4166767404180941	3.535558702228923e-159	0.0
CTAGT	0.005425978976715524	-0.8234910758405666	0.0	0.0
CTAT	0.0087567932949992	-0.4889176645064167	4.009917548607738e-227	0.0
CTATA	0.00201898752234337	0.4168863369575736	2.3671577564622426e-159	0.0
CTATC	0.004109443119554939	-0.8305216308787613	0.0	0.0
CTATG	0.0019021197135156698	-0.4353627490749086	3.3027201378418625e-175	0.0
CTATT	0.003642396624013335	-0.6392416114802968	0.0	0.0
CTC	0.0034409361311619193	0.3734134870070006	8.95884583650212e-126	0.0
CTCA	0.003822921407379751	-0.2743675584756831	1.8384955905678133e-66	0.0
CTCAA	0.0019757371154279493	0.09705870107700196	2.1117122479117733e-09	1.5204327052931177e-07
CTCAC	0.005147015167701881	-0.6381763537675672	0.0	0.0
CTCAG	0.01023962299716454	-0.6558069120393281	0.0	0.0
CTCAT	0.026848239997818518	0.801496692375091	0.0	0.0
CTCC	0.007610213803444819	-0.41858585903775525	9.054727245190018e-161	0.0
CTCCA	0.009736428841507392	-0.8188759145598934	0.0	0.0
CTCCC	0.007274116044003667	0.7259388075672086	0.0	0.0
CTCCG	0.0009251304892560704	-0.18456272023489034	2.0936279343727257e-30	0.0
CTCCT	0.005140127777445466	0.6943439515317875	0.0	0.0
CTCG	0.0021930970227133214	-0.7037257720364416	0.0	0.0
CTCGA	0.0008940493226919803	0.263783058976843	2.1640814791177288e-61	0.0
CTCGC	0.0016676869746543707	-0.6597723397173139	0.0	0.0
CTCGG	0.0028709910564052215	-0.8389256048585421	0.0	0.0
CTCGT	0.001519832154978572	-0.3194759365185188	1.0147352208864552e-90	0.0
CTCT	0.012125268274603314	0.4743619871650761	4.388587510595933e-212	0.0
CTCTA	0.003737837680594213	0.473127258871608	7.671489971365946e-211	0.0
CTCTC	0.012340646096723027	-0.7271512436449488	0.0	0.0
CTCTG	0.00258400215278738	0.43749045919847473	4.253121214663008e-177	0.0
CTCTT	0.016817502691699526	0.6391814632377232	0.0	0.0
CTG	0.00735249257236982	0.5585919599081366	3.67668568360203e-310	0.0
CTGA	0.005989274908644462	-0.750088485082248	0.0	0.0
CTGAA	0.004518611630807027	-0.7546149419002701	0.0	0.0
CTGAC	0.01179104891477361	0.7198760561005147	0.0	0.0
CTGAG	0.005385544363342278	0.4908193227689252	3.836962287496392e-229	0.0
CTGAT	0.004457940835849004	-0.8746075683674017	0.0	0.0
CTGC	0.0047368652151123505	-0.1584797651168465	9.424227450684685e-23	0.0
CTGCA	0.0060776306524235445	-0.8264738625222139	0.0	0.0
CTGCC	0.00431849113979788	0.44577134275095687	1.3880247476274933e-184	0.0
CTGCG	0.0013561002488699972	-0.30784338506257636	4.826036999955486e-84	0.0
CTGCT	0.00292327257082216	-0.19778399619000747	9.396264735337217e-35	0.0
CTGG	0.004604890806777234	-0.616143709669912	0.0	0.0
CTGGA	0.027805409943172123	-0.8233651744140491	0.0	0.0
CTGGC	0.0037495082138124056	0.025252280790716803	0.12000540239262177	0.8871147903659383
CTGGG	0.004085364212420909	0.7779518509611972	0.0	0.0
CTGGT	0.00196867608393333	0.41765070993679654	5.4673313922818865e-160	0.0
CTGT	0.008624315009678796	0.8260546405779104	0.0	0.0
CTGTA	0.007359805599849428	0.6553631367422976	0.0	0.0
CTGTC	0.013019612618200479	0.8581557590596522	0.0	0.0
CTGTG	0.005677696273528988	0.588678693865407	0.0	0.0
CTGTT	0.002395943243469291	0.4056639350503618	3.389167153685645e-150	0.0
CTT	0.008034595487391528	-0.29265253678789693	9.061461655156498e-76	0.0
CTTA	0.004343544234815043	0.6064525162741077	0.0	0.0
CTTAA	0.003435246698695237	0.7297973539711714	0.0	0.0
CTTAC	0.005773424555673299	-0.765480005518489	0.0	0.0
CTTAG	0.003281754320502992	-0.5801751100664176	0.0	0.0
CTTAT	0.0014693654517361728	-0.5492443969184204	7.3838923683973285e-298	0.0
CTTC	0.003959714652336233	-0.6388482355363343	0.0	0.0
CTTCA	0.004347485988656029	-0.7603583976251915	0.0	0.0
CTTCC	0.002390560402654928	-0.7211630140311385	0.0	0.0
CTTCG	0.0024101445920524443	-0.8607837406731527	0.0	0.0
CTTCT	0.0117774933905114	0.8046082376264679	0.0	0.0
CTTG	0.006018161524774275	0.1239432138003746	1.868634658391884e-14	1.7532642004880472e-12
CTTGA	0.004108841786910533	0.43724538049090866	7.032580412298794e-177	0.0
CTTGC	0.004012342115935724	-0.8216101098743929	0.0	0.0
CTTGG	0.004234232645667538	-0.6261002620166334	0.0	0.0
CTTGT	0.0038863311612933665	0.7684407919497083	0.0	0.0
CTTT	0.022409426911350904	0.8615189647570343	0.0	0.0
CTTTA	0.01144503299440201	0.8760095483383736	0.0	0.0
CTTTC	0.019025249139898292	0.846487924735676	0.0	0.0
CTTTG	0.00302652233352608	-0.46414285648458486	5.943866772545215e-202	0.0
CTTTT	0.004497396307536174	0.7475266644180234	0.0	0.0
GAA	0.07742097273707312	-0.723518822089337	0.0	0.0
GAAA	0.0159897573011389	-0.7314592067777138	0.0	0.0
GAAAA	0.005612135065110133	-0.761654403639451	0.0	0.0
GAAAC	0.008572822636912553	-0.8590599521937143	0.0	0.0
GAAAG	0.007092233488823112	0.6831132980358674	0.0	0.0
GAAAT	0.011549429327473692	-0.6643869294230865	0.0	0.0
GAAC	0.014736348877920719	-0.8438653823891042	0.0	0.0
GAACA	0.01471128760731138	0.667827838147182	0.0	0.0
GAACC	0.009437458999611164	-0.7163399942920924	0.0	0.0
GAACG	0.0011256652314111822	0.3213076770453648	8.46052976108595e-92	0.0
GAACT	0.009326908134707592	-0.8418005415202185	0.0	0.0
GAAG	0.012301674277252952	-0.7581099219480475	0.0	0.0
GAAGA	0.05227400878406074	-0.7685071533537651	0.0	0.0
GAAGC	0.015168858940118267	-0.7347953333872284	0.0	0.0
GAAGG	0.0022834018274739028	-0.4587427566651256	9.779264444584517e-197	0.0
GAAGT	0.0023568709060592633	0.554049926649179	3.911305635362314e-304	0.0
GAAT	0.012147833920197233	-0.5640055496005985	1.8157e-317	0.0
GAATA	0.0068266946349233555	-0.8958314250137401	0.0	0.0
GAATC	0.005017340327743747	-0.5314680215211142	1.648969633222558e-275	0.0
GAATG	0.0073280417136559126	-0.7403391851586568	0.0	0.0
GAATT	0.008023917707221323	0.8234455400101837	0.0	0.0
GAC	0.017655036912031047	-0.8425355537031354	0.0	0.0
GACA	0.009400134860670348	-0.7005726226039968	0.0	0.0
GACAA	0.01700595794326285	-0.8394228772214045	0.0	0.0
GACAC	0.004272336052862526	-0.77049094822391	0.0	0.0
GACAG	0.006969163021200318	0.8314039828132013	0.0	0.0
GACAT	0.011447985899543144	-0.7673250478488611	0.0	0.0
GACC	0.006771997554811847	-0.2917233082142099	2.8001659355547987e-75	0.0
GACCA	0.011780623357759815	0.8027766237058598	0.0	0.0
GACCC	0.006732633823722648	-0.7905738232582319	0.0	0.0
GACCG	0.016400204257497806	-0.9196913470169532	0.0	0.0
GACCT	0.002235273202262313	-0.3907733434389133	1.402306999127612e-138	0.0
GACG	0.005653318309957672	0.6500551577119424	0.0	0.0
GACGA	0.0018622408061938342	-0.5519912287015989	1.965624234568944e-301	0.0
GACGC	0.002038706667970664	0.6251379435137033	0.0	0.0
GACGG	0.005300921844169233	0.7321613054339111	0.0	0.0
GACGT	0.002007861457215492	0.3092921193213394	7.384576343247751e-85	0.0
GACT	0.03278989343588236	-0.32467809838293277	8.362354529224789e-94	0.0
GACTA	0.003138766971727588	-0.7343281398800949	0.0	0.0
GACTC	0.003970723300794458	-0.6334592593800437	0.0	0.0
GACTG	0.01001319583101531	-0.7608481256076196	0.0	0.0
GACTT	0.005173130330718382	0.6471894773044063	0.0	0.0
GAG	0.004149559377845173	-0.8131456120553744	0.0	0.0
GAGA	0.003535041719865986	-0.534496545672869	3.189194140239502e-279	0.0
GAGAA	0.005378368675033181	-0.783075540075874	0.0	0.0
GAGAC	0.010997841884170054	0.861199514336375	0.0	0.0
GAGAG	0.0056656805394636675	-0.6951315659777695	0.0	0.0
GAGAT	0.004642881984628736	0.6384372353184059	0.0	0.0
GAGC	0.010193659842593168	-0.8656286739490349	0.0	0.0
GAGCA	0.004550311526276857	-0.6614003759491325	0.0	0.0
GAGCC	0.003722832045175137	-0.3386193750766429	2.252938952063613e-102	0.0
GAGCG	0.004585843184055338	-0.8570740771890424	0.0	0.0
GAGCT	0.02514344182485396	-0.8594847837123156	0.0	0.0
GAGG	0.00465392269627959	0.4620150385167262	6.928809700064315e-200	0.0
GAGGA	0.007680181133053863	-0.6738283463030043	0.0	0.0
GAGGC	0.02702594686654114	-0.5750817614454531	0.0	0.0
GAGGG	0.016234434784655957	0.8008371687699264	0.0	0.0
GAGGT	0.0034624920626098433	-0.4982496437321082	3.7238940868114036e-237	0.0
GAGT	0.005806497913076067	0.32845090619594564	4.43903805833177e-96	0.0
GAGTA	0.001072657776639529	-0.0018253592857340947	0.9105322366379358	0.9999942676473245
GAGTC	0.011184839011076565	0.7534668896387844	0.0	0.0
GAGTG	0.003132833153043624	0.41099701055052196	1.6703195108713782e-154	0.0
GAGTT	0.00436188687646328	-0.8379110880500991	0.0	0.0
GAT	0.006435283496374705	0.5650670968632735	6.4625e-319	0.0
GATA	0.012593788053317768	0.8601105983764381	0.0	0.0
GATAA	0.0021296592989774477	0.692688830480422	0.0	0.0
GATAC	0.005315451152226349	0.8867396162097866	0.0	0.0
GATAG	0.0012450423969978602	0.657902530314501	0.0	0.0
GATAT	0.0015930252539185397	0.4269908825175909	6.697852736599011e-168	0.0
GATC	0.0063282068370218575	0.4955000334096171	3.6252663187463853e-234	0.0
GATCA	0.006017717549799609	0.4652452464051673	4.984524884870421e-203	0.0
GATCC	0.002972911457990362	0.6153060338938792	0.0	0.0
GATCG	0.0008281764432237706	-0.5904419174884252	0.0	0.0
GATCT	0.005997627854617445	-0.5529452312185816	1.1069327131117785e-302	0.0
GATG	0.006039677306005208	-0.6512330126840393	0.0	0.0
GATGA	0.0035639844872047124	-0.6431577098323348	0.0	0.0
GATGC	0.0015647924850500667	0.38948727411668926	1.325481756978992e-137	0.0
GATGG	0.007339283210626237	-0.25363956078550454	9.584923062179296e-57	0.0
GATGT	0.006017895306542799	-0.5748957571462149	0.0	0.0
GATT	0.004390544858406504	-0.724634704912211	0.0	0.0
GATTA	0.0016972855304684094	-0.2237436796792815	3.118008084517795e-44	0.0
GATTC	0.0040475313181570875	-0.6121400288078098	0.0	0.0
GATTG	0.003962030784859308	0.27744367608883835	5.592093972515641e-68	0.0
GATTT	0.003002348261754321	-0.20993209140015762	4.945720852710277e-39	0.0
GCA	0.002828080065104864	0.4916954821883093	4.460569179179549e-230	0.0
GCAA	0.007465469597620413	-0.7201190728999862	0.0	0.0
GCAAA	0.0054096775963727904	-0.9022605817288902	0.0	0.0
GCAAC	0.015773353499081648	-0.8700230054685213	0.0	0.0
GCAAG	0.007347383436894603	0.5920317693349488	0.0	0.0
GCAAT	0.0028163885027271294	-0.7344622192655885	0.0	0.0
GCAC	0.006277583433923591	0.6849337497989056	0.0	0.0
GCACA	0.02395294800682146	0.920839794872246	0.0	0.0
GCACC	0.0019334457576699394	-0.3719098017612392	1.059493239313819e-124	0.0
GCACG	0.005172170364201842	-0.8548865180779472	0.0	0.0
GCACT	0.00470665934945777	-0.7189283601975851	0.0	0.0
GCAG	0.014414521627228826	0.8219742227895417	0.0	0.0
GCAGA	0.007108029246522496	0.7894290826058795	0.0	0.0
GCAGC	0.003933668401343133	0.5421560868232742	8.728518204886309e-289	0.0
GCAGG	0.004854400661217104	0.8502353958802487	0.0	0.0
GCAGT	0.0031025995202745905	-0.11976902208706666	1.366989598469167e-13	1.2163492435490753e-11
GCAT	0.005713937053523526	-0.1876102243408813	2.223180712016077e-31	0.0
GCATA	0.0035748085650186274	-0.7372851164505767	0.0	0.0
GCATC	0.0033860935443662974	-0.6782358493377105	0.0	0.0
GCATG	0.0017034883970867508	0.23290075403815763	7.013402599773315e-48	0.0
GCATT	0.00539635681399061	0.5402424677113526	2.2554577011656916e-286	0.0
GCC	0.004576695107737654	-0.31255888110258123	1.0304051309085323e-86	0.0
GCCA	0.005981396720514537	0.7476010242805695	0.0	0.0
GCCAA	0.006379231415948093	-0.8656670481817208	0.0	0.0
GCCAC	0.008316253636477094	0.7414249458463842	0.0	0.0
GCCAG	0.004434292305485155	0.7666059528061979	0.0	0.0
GCCAT	0.0035934086703801604	0.14584258793349422	1.7771907174613345e-19	0.0
GCCC	0.004867115645321542	-0.3034810640138534	1.290308259250627e-81	0.0
GCCCA	0.0015359882918826624	0.15660256986526858	3.009393052220014e-22	0.0
GCCCC	0.012678423749301712	0.8044780491068297	0.0	0.0
GCCCG	0.012460572139353613	-0.9045064861501944	0.0	0.0
GCCCT	0.001944739561413254	-0.04619746966480089	0.004435773794207211	0.1326047406238523
GCCG	0.002132636324889196	-0.08664490967815767	9.100875902579558e-08	5.915552105495436e-06
GCCGA	0.0010622925471625638	0.009354054156943268	0.5647246704190629	0.9997558591061502
GCCGC	0.008413792081946193	-0.7254412435478145	0.0	0.0
GCCGG	0.001040613837943312	-0.11741024755854962	4.0841056894726945e-13	3.471833931456558e-11
GCCGT	0.0015813151386074968	0.0802286731331921	7.545682910119147e-07	4.489635678606163e-05
GCCT	0.01944490889659183	-0.662267593267727	0.0	0.0
GCCTA	0.005868975219290698	-0.6965318047911153	0.0	0.0
GCCTC	0.00690140477115709	-0.5916902104910294	0.0	0.0
GCCTG	0.007150197520811015	-0.778972927799852	0.0	0.0
GCCTT	0.0014804861027810311	-0.6167487129957054	0.0	0.0
GCG	0.05251485987845319	-0.8862563827670651	0.0	0.0
GCGA	0.006972008297497796	-0.803784299491779	0.0	0.0
GCGAA	0.003685085720209004	-0.7621261807178716	0.0	0.0
GCGAC	0.0015882575437742845	-0.5774741982901268	0.0	0.0
GCGAG	0.00243425606477658	-0.6348362007429287	0.0	0.0
GCGAT	0.0014779622282304935	-0.7597096058468586	0.0	0.0
GCGC	0.04558587070003617	-0.8528684809528957	0.0	0.0
GCGCA	0.006060504442125382	-0.8494649534165468	0.0	0.0
GCGCC	0.020387734060387044	-0.8134004492759364	0.0	0.0
GCGCG	0.008130129236493724	-0.7802019720179729	0.0	0.0
GCGCT	0.005180866823028637	-0.7933252862423377	0.0	0.0
GCGG	0.02072894452876909	-0.7883396284394887	0.0	0.0
GCGGA	0.004170462983096827	-0.7723078760984137	0.0	0.0
GCGGC	0.020080507577551813	-0.6725438603320844	0.0	0.0
GCGGG	0.0034743864913121185	-0.67702430288167	0.0	0.0
GCGGT	0.005454380195418072	-0.7987865380104644	0.0	0.0
GCGT	0.006920483874085599	-0.7285649828641085	0.0	0.0
GCGTA	0.0017380523593284144	-0.7032636126587091	0.0	0.0
GCGTC	0.006052039054653209	-0.7873783049181943	0.0	0.0
GCGTG	0.0020419581051194574	-0.04541826368904648	0.005152487456463966	0.13543704560974135
GCGTT	0.005716506708166634	-0.6679256250981129	0.0	0.0
GCT	0.0067446042660485464	0.427394414615595	3.009143021973171e-168	0.0
GCTA	0.004691550599894469	0.3188554516052934	2.3449245144712987e-90	0.0
GCTAA	0.008983927340162364	0.8423596566023522	0.0	0.0
GCTAC	0.002127571415406569	-0.48025977401221764	4.327357993886191e-218	0.0
GCTAG	0.0033044534723207556	-0.7722818863281744	0.0	0.0
GCTAT	0.007724588523193456	0.7930799370157384	0.0	0.0
GCTC	0.013088768216454653	-0.7138098179291845	0.0	0.0
GCTCA	0.006123977596830142	-0.48666623180027907	9.488917124767028e-225	0.0
GCTCC	0.002405053066999619	0.328076161167712	7.494038178534689e-96	0.0
GCTCG	0.003152946962394178	-0.8143235803450297	0.0	0.0
GCTCT	0.03420641533901009	-0.7376889918429015	0.0	0.0
GCTG	0.006806755780801691	0.8245191309165492	0.0	0.0
GCTGA	0.010809067206431386	0.799531505918998	0.0	0.0
GCTGC	0.03600388708049519	0.7395664974779343	0.0	0.0
GCTGG	0.0036264052494528673	-0.282218139139919	2.2608553181150452e-70	0.0
GCTGT	0.006875966080391949	0.7741594340738474	0.0	0.0
GCTT	0.004250534357483715	0.5503565609480833	2.6601405218607576e-299	0.0
GCTTA	0.002585864143408121	-0.4186764559798969	7.604840733645796e-161	0.0
GCTTC	0.013816767900805304	-0.5708092929149228	0.0	0.0
GCTTG	0.004394056136242291	0.7672142998716625	0.0	0.0
GCTTT	0.008254904001941413	0.7326360934344629	0.0	0.0
GGA	0.011861515202297637	-0.796611647546595	0.0	0.0
GGAA	0.014817888476921219	-0.673579686692116	0.0	0.0
GGAAA	0.012080634429400796	-0.8311100387979027	0.0	0.0
GGAAC	0.0035931063649324493	-0.4762382841175367	5.55053279311961e-214	0.0
GGAAG	0.003274171220135048	-0.7188829520694723	0.0	0.0
GGAAT	0.002820672895790033	-0.21986369855685128	9.799699324087328e-43	0.0
GGAC	0.0050884906454845835	-0.6189367094735401	0.0	0.0
GGACA	0.003218611524931746	-0.7196605473043062	0.0	0.0
GGACC	0.002685461986147043	0.37561838006678805	2.3375574138700255e-127	0.0
GGACG	0.0038105596481669405	-0.719024342014563	0.0	0.0
GGACT	0.0032933761328982586	0.6703619720199886	0.0	0.0
GGAG	0.005008119409453202	-0.6341783194675097	0.0	0.0
GGAGA	0.002932836252275576	0.7708920711632705	0.0	0.0
GGAGC	0.03609688517932814	-0.7977733446042248	0.0	0.0
GGAGG	0.0031544358081813796	-0.1754015003875741	1.4046314985642604e-27	0.0
GGAGT	0.006809161243392216	0.6255714982876517	0.0	0.0
GGAT	0.003967388558338863	-0.4922495216671513	1.1402244127649276e-230	0.0
GGATA	0.004928161837890124	0.7313949095814957	0.0	0.0
GGATC	0.00874542225358949	-0.6293100254892932	0.0	0.0
GGATG	0.010402804987511076	-0.7194510028760601	0.0	0.0
GGATT	0.005753784025693427	-0.6980212101156857	0.0	0.0
GGC	0.0018697478840629075	-0.03729394711846247	0.021643094200062815	0.3954416253574179
GGCA	0.023149010263880745	0.7426457020923418	0.0	0.0
GGCAA	0.00228057908241282	0.5919291241699312	0.0	0.0
GGCAC	0.003010255553245695	0.06418300502466734	7.649804235325054e-05	0.00365070655058497
GGCAG	0.04435514791868516	0.8149989962020532	0.0	0.0
GGCAT	0.0043185849158159885	-0.7114544558833495	0.0	0.0
GGCC	0.0023529824843813475	-0.27148114029656856	4.677808301199822e-65	0.0
GGCCA	0.0035121978505415928	0.7378998511432731	0.0	0.0
GGCCC	0.009281181117432275	-0.6703980600508499	0.0	0.0
GGCCG	0.001679943876220919	0.14251795346032997	1.1621292705934294e-18	0.0
GGCCT	0.0032642530778311005	-0.6186589684230546	0.0	0.0
GGCG	0.026811660625622073	-0.6204832286556135	0.0	0.0
GGCGA	0.001169867978688971	-0.06960805699684691	1.7851167178516848e-05	0.0009635071602817069
GGCGC	0.02686932887585643	-0.7035858376144944	0.0	0.0
GGCGG	0.005999966506222185	-0.8010720984844318	0.0	0.0
GGCGT	0.006250860173775324	-0.48338965473097717	2.5158388597438476e-221	0.0
GGCT	0.016940815417482807	0.8858602943089904	0.0	0.0
GGCTA	0.0022523690885345973	0.3008688204981633	3.501419546554254e-80	0.0
GGCTC	0.003672917275773639	-0.03942008562910674	0.015199044009644636	0.31811437069423076
GGCTG	0.042478256362985196	0.8656151319255608	0.0	0.0
GGCTT	0.004486318900887727	0.7926041320242585	0.0	0.0
GGG	0.009259995056637224	0.7460447393262613	0.0	0.0
GGGA	0.002232482674974164	0.33892904541155366	1.4364502518980672e-102	0.0
GGGAA	0.00848154459916038	0.8128228705830471	0.0	0.0
GGGAC	0.0076032171056758715	-0.7106486957171843	0.0	0.0
GGGAG	0.002527379695849128	0.43090041099353027	2.7499093950525357e-171	0.0
GGGAT	0.0028608382163773827	-0.4325640382842997	9.65167176705888e-173	0.0
GGGC	0.00755712311000751	0.8087205862999504	0.0	0.0
GGGCA	0.048176268070054325	0.9123465424771882	0.0	0.0
GGGCC	0.0014599084956580827	-0.1191388927288437	1.8351297958623696e-13	1.57827084734663e-11
GGGCG	0.02161226898603112	-0.866436144535899	0.0	0.0
GGGCT	0.004109059319004794	0.7756931903255628	0.0	0.0
GGGG	0.009896880990831013	0.8992064083590247	0.0	0.0
GGGGA	0.008894920154140834	0.8799244491381264	0.0	0.0
GGGGC	0.0016693394018721835	-0.35897999477210873	1.040295820667835e-115	0.0
GGGGG	0.008601579408167213	0.7701593794437376	0.0	0.0
GGGGT	0.0103415143149364	0.8770973239413868	0.0	0.0
GGGT	0.008511977304459257	0.8420814417536041	0.0	0.0
GGGTA	0.0029753260470006446	0.19561861333170455	5.092933396296566e-34	0.0
GGGTC	0.0036198670053617446	-0.3744397763032112	1.647156341173744e-126	0.0
GGGTG	0.021864791414516062	0.8860514983016121	0.0	0.0
GGGTT	0.0022651240731973964	0.15803224824531237	1.2445589479595626e-22	0.0
GGT	0.03408144270431111	0.9111817074379946	0.0	0.0
GGTA	0.0091958326055571	0.6371190401728147	0.0	0.0
GGTAA	0.017600688493663637	0.7853750631143948	0.0	0.0
GGTAC	0.009121553565323876	0.7262840960358986	0.0	0.0
GGTAG	0.004462398182318108	0.41243931255341937	1.1075507733874612e-155	0.0
GGTAT	0.0021595254985879715	-0.6292005762191069	0.0	0.0
GGTC	0.007812699344770725	-0.7741472322653631	0.0	0.0
GGTCA	0.0035616200398071265	-0.8097805898373812	0.0	0.0
GGTCC	0.003328167038678275	-0.8000065990117704	0.0	0.0
GGTCG	0.00242699665655114	-0.6131530047733486	0.0	0.0
GGTCT	0.00448552123262607	-0.008225842464816474	0.6125881540518902	0.9997558591061502
GGTG	0.01827941633898937	0.8261687273717533	0.0	0.0
GGTGA	0.03914036982754841	0.7454703223452726	0.0	0.0
GGTGC	0.00450847088205777	0.7649628910277216	0.0	0.0
GGTGG	0.018014277120592292	0.8611124227038959	0.0	0.0
GGTGT	0.0019058494270746205	-0.5638733808357625	2.748149e-317	0.0
GGTT	0.009760415138564172	0.8610813847318385	0.0	0.0
GGTTA	0.010631259011935738	0.7844374066765658	0.0	0.0
GGTTC	0.017931285962648043	-0.7858315741696107	0.0	0.0
GGTTG	0.019794383804775696	0.7895379123501727	0.0	0.0
GGTTT	0.004527194977454088	0.8018342861748676	0.0	0.0
GTA	0.0126382197097409	0.8204655095378588	0.0	0.0
GTAA	0.0047310129391813956	0.8340477782037132	0.0	0.0
GTAAA	0.0018774370678193882	0.1667894985895081	4.650946201117039e-25	0.0
GTAAC	0.0018687233998214436	-0.7228652335202259	0.0	0.0
GTAAG	0.0029286093173980046	0.707195318691207	0.0	0.0
GTAAT	0.009871830290290989	0.7143787990527243	0.0	0.0
GTAC	0.0077538651864023835	0.8562031439800293	0.0	0.0
GTACA	0.008997721925508954	0.6917759927645307	0.0	0.0
GTACC	0.020430273054551033	0.7690682535185998	0.0	0.0
GTACG	0.0007354335378019	0.14362177673534515	6.260575272144825e-19	0.0
GTACT	0.0012976018095471325	0.2943907290331527	1.0856690255651312e-76	0.0
GTAG	0.0034487906410684624	0.5659492394236048	4.005e-320	0.0
GTAGA	0.002872594908949014	-0.6181844341722955	0.0	0.0
GTAGC	0.0054832537438626655	-0.8036390313115213	0.0	0.0
GTAGG	0.013013977620634876	0.758306444709397	0.0	0.0
GTAGT	0.005807191783639865	0.6616555965721009	0.0	0.0
GTAT	0.0018712263136599976	0.625583800883814	0.0	0.0
GTATA	0.0011167331698121955	0.5900212272818106	0.0	0.0
GTATC	0.0019313247771649276	0.7185470320744188	0.0	0.0
GTATG	0.0029540896077090264	-0.12623620509904637	6.0840330108255814e-15	5.861977570020827e-13
GTATT	0.0032728655838286033	0.6296875159903212	0.0	0.0
GTC	0.0036408631660178278	-0.3107114293786595	1.1618224502140357e-85	0.0
GTCA	0.002543266321118164	-0.08571379955817945	1.2489781207667587e-07	7.993428525532309e-06
GTCAA	0.0076162325067032155	-0.8029300044385732	0.0	0.0
GTCAC	0.0037053073518108636	0.704116247946777	0.0	0.0
GTCAG	0.002653219389468967	0.5830061743333605	0.0	0.0
GTCAT	0.0024376670156747516	-0.7177028378639935	0.0	0.0
GTCC	0.005198881346788167	0.34875433193069255	6.894306830963511e-109	0.0
GTCCA	0.009814551307409599	0.7206784989053014	0.0	0.0
GTCCC	0.0035765327385729245	-0.5305363994271768	2.2489179553882438e-274	0.0
GTCCG	0.017548422638832592	-0.8607526175625839	0.0	0.0
GTCCT	0.005137482643162931	0.6970724061805476	0.0	0.0
GTCG	0.0026782899423920736	-0.6702646180763544	0.0	0.0
GTCGA	0.001472982574210261	0.7318768791761582	0.0	0.0
GTCGC	0.007511163128542241	-0.7329106590203514	0.0	0.0
GTCGG	0.002956062376435603	0.6017837678148861	0.0	0.0
GTCGT	0.009010414061941195	-0.7919846662705522	0.0	0.0
GTCT	0.006934270493024654	-0.27458433226306045	1.439489527244602e-66	0.0
GTCTA	0.0018779038705353213	-0.3342096866697968	1.2936774917319782e-99	0.0
GTCTC	0.0020305527303877196	-0.45281997019970716	4.0215044392000904e-191	0.0
GTCTG	0.006277291320892633	0.8312764472847216	0.0	0.0
GTCTT	0.010147439146813769	-0.7988147534865432	0.0	0.0
GTG	0.010998955600689546	0.6800113108310109	0.0	0.0
GTGA	0.0035557992105188286	0.7443988283164024	0.0	0.0
GTGAA	0.0033627566406979822	0.36515330664614	5.965812998372694e-120	0.0
GTGAC	0.003634205824954453	-0.21987955635158518	9.663873444396487e-43	0.0
GTGAG	0.0067940135788108385	0.8534283602422739	0.0	0.0
GTGAT	0.0023935935950795827	0.4361944613875943	6.048184838141103e-176	0.0
GTGC	0.0034249083150826487	0.6714343727957237	0.0	0.0
GTGCA	0.00615302009277029	0.8056940131760426	0.0	0.0
GTGCC	0.002107622085882154	-0.2343883882936622	1.7300170504284535e-48	0.0
GTGCG	0.0026598428362991024	0.8136039367897014	0.0	0.0
GTGCT	0.009561724686354106	-0.7851163706644816	0.0	0.0
GTGG	0.029097438993077825	0.7119847915896894	0.0	0.0
GTGGA	0.005169660640653573	0.8104067173542416	0.0	0.0
GTGGC	0.00874496410998714	0.8355609494910263	0.0	0.0
GTGGG	0.007577591726189789	0.8317326469156261	0.0	0.0
GTGGT	0.002306124673793559	0.670440682102089	0.0	0.0
GTGT	0.005309862218502353	-0.6399600113077863	0.0	0.0
GTGTA	0.00703688970187018	-0.7000298596336437	0.0	0.0
GTGTC	0.008165960235010261	0.47080389701460446	1.6187175704744453e-208	0.0
GTGTG	0.003195131222657916	0.06792942267552875	2.83291754350849e-05	0.001420767059820971
GTGTT	0.00984617435986426	-0.5017589090855485	5.213147377121682e-241	0.0
GTT	0.0025712667117742866	0.5956692269078918	0.0	0.0
GTTA	0.0028582625865072628	0.4467979664677689	1.5838487262134116e-185	0.0
GTTAA	0.010874754912940472	0.846954932219782	0.0	0.0
GTTAC	0.002842182646076121	0.7399179186559386	0.0	0.0
GTTAG	0.0009576971557874502	-0.2402361307847551	6.410889818437997e-51	0.0
GTTAT	0.004903675546684095	-0.7809681523627237	0.0	0.0
GTTC	0.0030216422738710146	-0.04070053139179898	0.012192646461794604	0.27309337620309926
GTTCA	0.0036717217504522765	0.6723800699308534	0.0	0.0
GTTCC	0.0023064859907830147	0.5012741486755186	1.7871091491520427e-240	0.0
GTTCG	0.00036229046795564025	-0.2729282878159501	9.278524781240046e-66	0.0
GTTCT	0.006175173274645298	-0.20273458671413747	1.8295490744515055e-36	0.0
GTTG	0.0038887505396368216	0.16854898884836036	1.4569205852272999e-25	0.0
GTTGA	0.003305207560248965	-0.5585008278850119	4.86742957869074e-310	0.0
GTTGC	0.005363561908713721	-0.4014503194774412	7.551023451990727e-147	0.0
GTTGG	0.005988279219576548	0.6932900768484744	0.0	0.0
GTTGT	0.0034259742410934655	0.7949409632950077	0.0	0.0
GTTT	0.00660013318780254	-0.4546048426345295	8.398855611348044e-193	0.0
GTTTA	0.0017821333393086048	-0.3474396459793472	4.980172439317358e-108	0.0
GTTTC	0.004176721466631422	-0.7056980381962943	0.0	0.0
GTTTG	0.011575770334562988	-0.8338107319196549	0.0	0.0
GTTTT	0.0029229707539702994	0.5484368747497301	8.182620751875428e-297	0.0
TAA	0.0038871261556348013	-0.1814508745746399	1.9861935938237447e-29	0.0
TAAA	0.0028778813233967613	0.06494242818105045	6.28065481127895e-05	0.0030728864957040303
TAAAA	0.005165133054748521	0.5321686126901136	2.298878419925248e-276	0.0
TAAAC	0.00668518225724083	-0.7919480236833057	0.0	0.0
TAAAG	0.014894141340144922	0.8672561947377686	0.0	0.0
TAAAT	0.0012071626138819838	-0.03009842814682894	0.06384704622346538	0.7145109688198452
TAAC	0.003415215986122406	-0.24591141530891936	2.4188768679619346e-53	0.0
TAACA	0.005919849729995499	-0.7962705351271011	0.0	0.0
TAACC	0.0031653595229321593	-0.14014829914694676	4.313668838414857e-18	0.0
TAACG	0.005287825556402003	0.5898527891119103	0.0	0.0
TAACT	0.0036560191608330244	-0.662180582957627	0.0	0.0
TAAG	0.0029029675114907996	0.28411247171122966	2.463215920039584e-71	0.0
TAAGA	0.002372888938944787	-0.27601075501529837	2.8616064896675777e-67	0.0
TAAGC	0.0013878407244896523	-0.23592524331124748	4.032354572719699e-49	0.0
TAAGG	0.0038473649588166544	-0.4681915123855093	6.327336613471899e-206	0.0
TAAGT	0.0036246912504099	0.8503283872293206	0.0	0.0
TAAT	0.004226331677116655	-0.15706613827928556	2.262223782780056e-22	0.0
TAATA	0.0019051173260134471	0.2904177602486119	1.3567476548975993e-74	0.0
TAATC	0.01773269436635966	-0.7263255260321502	0.0	0.0
TAATG	0.0038140365963147214	-0.6627796402898765	0.0	0.0
TAATT	0.0071148205020342015	0.8418235844151362	0.0	0.0
TAC	0.002394255138200575	0.28663804041731344	1.2479322472834766e-72	0.0
TACA	0.00599574631787673	0.45829744084835844	2.6078435440980587e-196	0.0
TACAA	0.009314229667045452	0.4341075907411097	4.241996156387361e-174	0.0
TACAC	0.0034734260067837445	0.0006743967502859695	0.9668852256419218	0.9999942676473245
TACAG	0.0048119283722334785	0.6580139800864291	0.0	0.0
TACAT	0.0024612021897700274	0.600642867220554	0.0	0.0
TACC	0.0031706813972176367	0.6452189780600293	0.0	0.0
TACCA	0.006453938634073887	-0.6560563153824783	0.0	0.0
TACCC	0.004088413278301022	0.7736837347841696	0.0	0.0
TACCG	0.0025905016795704505	0.7910823339252757	0.0	0.0
TACCT	0.002377425956923397	0.008534124318508609	0.5993322590531157	0.9997558591061502
TACG	0.003592848694843431	-0.8002315820168023	0.0	0.0
TACGA	0.003762145272704391	-0.7915823516648426	0.0	0.0
TACGC	0.0020242824618386126	0.5233364060660735	1.0076212251807542e-265	0.0
TACGG	0.0005649020266670977	-0.06269953417985125	0.00011176618207922781	0.005017131219004156
TACGT	0.008420488779847178	-0.8066648043928131	0.0	0.0
TACT	0.0060101175453172225	0.7239525898238155	0.0	0.0
TACTA	0.005860816664609852	0.7700064271953715	0.0	0.0
TACTC	0.0023701044964697217	0.27828124735374304	2.1436628309546845e-68	0.0
TACTG	0.003348857236602608	-0.2736267563007174	4.2348996441893384e-66	0.0
TACTT	0.0011238285989504254	0.2808660267644425	1.0886099157795438e-69	0.0
TAG	0.041536116070550355	0.7818193703465862	0.0	0.0
TAGA	0.025695105543673814	0.8406528209300228	0.0	0.0
TAGAA	0.0067782891110343465	0.03372908453016976	0.03780924230893823	0.5548721159748298
TAGAC	0.0017443264807429162	0.43392213288446213	6.1800339097611195e-174	0.0
TAGAG	0.020439549646620078	0.8251470248177404	0.0	0.0
TAGAT	0.015312932977376088	0.91006651258982	0.0	0.0
TAGC	0.011086291960402525	-0.6330578750077998	0.0	0.0
TAGCA	0.0030596011817077694	-0.6141113031688236	0.0	0.0
TAGCC	0.004716707673871378	-0.7943138661640095	0.0	0.0
TAGCG	0.0015398749632238177	-0.8144691970330484	0.0	0.0
TAGCT	0.0021495108065492574	0.7988020678300851	0.0	0.0
TAGG	0.019402900827568473	0.8591277757277731	0.0	0.0
TAGGA	0.0016454853243935475	-0.2561985775349287	6.743677897987902e-58	0.0
TAGGC	0.01808422705216257	0.6993521555344406	0.0	0.0
TAGGG	0.007944745563347762	0.8081157538900379	0.0	0.0
TAGGT	0.018842270171335395	0.8485553854292753	0.0	0.0
TAGT	0.002086552263189994	-0.06844533402912735	2.4607707271503127e-05	0.0012787981622758293
TAGTA	0.0020827670978859204	0.18474294293305976	1.8355766262360956e-30	0.0
TAGTC	0.004075759238536175	-0.4757856719064456	1.5968522853791864e-213	0.0
TAGTG	0.0019323709587583972	0.24295219003603707	4.519234279076424e-52	0.0
TAGTT	0.0030324822439365996	0.6910146333153288	0.0	0.0
TAT	0.008573133999169336	0.4650353775523017	7.99573175075799e-203	0.0
TATA	0.00681849734050413	0.8002977486993115	0.0	0.0
TATAA	0.005924518172405805	0.7398191869948575	0.0	0.0
TATAC	0.005162111535287043	-0.7895964949540419	0.0	0.0
TATAG	0.053884903113018315	0.8668843199807956	0.0	0.0
TATAT	0.0018928106216779448	0.4466521906126392	2.156591856172977e-185	0.0
TATC	0.0017469074226360223	0.22319240711860655	5.109360425392667e-44	0.0
TATCA	0.002586704445249261	0.22990793802391618	1.1373928227192765e-46	0.0
TATCC	0.0008699452929798899	-0.17478622139720806	2.147806753346852e-27	0.0
TATCG	0.002246963815912657	0.7662463052830359	0.0	0.0
TATCT	0.0027778515010385054	-0.2694758275177157	4.3298926008624945e-64	0.0
TATG	0.0022126061564996815	0.49240773224631584	7.720138909005037e-231	0.0
TATGA	0.005880944864112786	-0.7815498437949067	0.0	0.0
TATGC	0.00698714597440928	-0.5288312014684917	2.6291489343651714e-272	0.0
TATGG	0.006566948773818163	0.8555319634422287	0.0	0.0
TATGT	0.016000673827359466	0.8493897173753033	0.0	0.0
TATT	0.005966806117841888	0.3554055816388425	2.693639915507385e-113	0.0
TATTA	0.00341580833002029	0.8031217859100332	0.0	0.0
TATTC	0.004069576554758999	-0.7321801697028094	0.0	0.0
TATTG	0.009746133967467987	-0.8007306898589399	0.0	0.0
TATTT	0.0018537113393080624	0.5353463698851373	2.849873520397324e-280	0.0
TCA	0.005376719936265897	-0.5677774187451513	1.2e-322	0.0
TCAA	0.013726347432111909	-0.8823971154443048	0.0	0.0
TCAAA	0.002528827387503977	0.5314524784647576	1.7225585720429133e-275	0.0
TCAAC	0.006728322025996023	-0.699192607326663	0.0	0.0
TCAAG	0.02274891105369711	-0.8305188736009191	0.0	0.0
TCAAT	0.00317395817619951	0.33540015758157926	2.3519054494259204e-100	0.0
TCAC	0.005786799969504124	0.6313583032727108	0.0	0.0
TCACA	0.00498863455723989	-0.32710418416116527	2.9046826057697303e-95	0.0
TCACC	0.008175583327075719	0.8018996749458953	0.0	0.0
TCACG	0.0020307809815463427	-0.7393886176176975	0.0	0.0
TCACT	0.007914585054413534	0.49298425258200185	1.8608117669661071e-231	0.0
TCAG	0.0034383607676454907	0.4549191056693983	4.2398813368714613e-193	0.0
TCAGA	0.005343903778728122	-0.7864919808520386	0.0	0.0
TCAGC	0.02477521511937358	0.4374642497770769	4.488212600794287e-177	0.0
TCAGG	0.01087336992954307	0.7856765023620594	0.0	0.0
TCAGT	0.004431774559838647	0.7927799226899869	0.0	0.0
TCAT	0.008072869501687308	-0.27866043406109825	1.3872531732904289e-68	0.0
TCATA	0.0028870455850138733	-0.7543622462078929	0.0	0.0
TCATC	0.03065376279546603	-0.7738314774707928	0.0	0.0
TCATG	0.0015929280950540885	-0.33603650722145195	9.425351162634861e-101	0.0
TCATT	0.0032724359250172947	0.6535007614230504	0.0	0.0
TCC	0.008908707850587973	-0.31955676988779247	9.097003221330246e-91	0.0
TCCA	0.0022054277915436395	-0.21389180030073685	1.7382295626540146e-40	0.0
TCCAA	0.002085735793486221	-0.5954214480107279	0.0	0.0
TCCAC	0.036088459044065865	-0.863781691621258	0.0	0.0
TCCAG	0.005073122444218093	0.8350747374306093	0.0	0.0
TCCAT	0.005559058105759254	0.8185474934589783	0.0	0.0
TCCC	0.006714524029636838	0.45995129865927553	6.777317439400287e-198	0.0
TCCCA	0.004495774522066947	-0.31802832970571615	7.140177909735066e-90	0.0
TCCCC	0.004733889061779307	0.6922175119906248	0.0	0.0
TCCCG	0.0023009613722460302	-0.5935744482439216	0.0	0.0
TCCCT	0.0021112304286429696	0.3975954238997532	7.919271308432418e-144	0.0
TCCG	0.012517019503898894	-0.8737461511636033	0.0	0.0
TCCGA	0.0057203739627518	-0.826977620193559	0.0	0.0
TCCGC	0.0009066626686765198	0.2712560652352337	6.010705161336017e-65	0.0
TCCGG	0.007247818684809698	-0.8257322763464781	0.0	0.0
TCCGT	0.0034611238785109653	-0.8700538711830246	0.0	0.0
TCCT	0.004259935886057455	0.4007284129628025	2.79733887223776e-146	0.0
TCCTA	0.0019888303652994235	0.1496884134082202	1.916149688789622e-20	0.0
TCCTC	0.005395591751956223	0.5971398437819389	0.0	0.0
TCCTG	0.006888041290906137	-0.7955906835878486	0.0	0.0
TCCTT	0.017574038647208277	0.7443801284317232	0.0	0.0
TCG	0.005189641010797649	-0.6778374295890928	0.0	0.0
TCGA	0.008440895749535365	-0.4066612734667837	5.3771447441498763e-151	0.0
TCGAA	0.021698062686085477	0.5619413732213088	1.1505458897e-314	0.0
TCGAC	0.0033684023960098854	-0.4567196805820609	8.325948729174915e-195	0.0
TCGAG	0.0026475809295699714	-0.7436355696183865	0.0	0.0
TCGAT	0.0027575712887974863	-0.48190079010400627	8.790412117580747e-220	0.0
TCGC	0.006164608216473235	-0.8143829455290983	0.0	0.0
TCGCA	0.002694635944344247	0.7655148257018985	0.0	0.0
TCGCC	0.0005924046203981853	-0.34871619077347193	7.302348355673244e-109	0.0
TCGCG	0.003945809005569434	-0.7261832885649742	0.0	0.0
TCGCT	0.006425930630347386	-0.7761801534453443	0.0	0.0
TCGG	0.0034992132817456708	-0.7282827509627884	0.0	0.0
TCGGA	0.0017176244758239198	-0.540290017297538	1.9655430867025192e-286	0.0
TCGGC	0.006166878590681077	-0.7614095129915885	0.0	0.0
TCGGG	0.0008598616194591516	0.1746149441977781	2.416660670424254e-27	0.0
TCGGT	0.0016995556450800733	0.14681944916310835	1.01500846575657e-19	0.0
TCGT	0.020367128611221738	0.2046338021939007	3.926943442429211e-37	0.0
TCGTA	0.0015940599880059126	-0.11466103714662049	1.4231882599496076e-12	1.1670198141189303e-10
TCGTC	0.0016512220541665891	0.7786806538667385	0.0	0.0
TCGTG	0.001180080127265612	-0.48564675692422554	1.1127436047815451e-223	0.0
TCGTT	0.0020438029942367385	-0.38904069050727974	2.884728661798405e-137	0.0
TCT	0.003729276880737829	0.1638851623756251	3.073512277476453e-24	0.0
TCTA	0.003033852310122819	-0.5838095054993764	0.0	0.0
TCTAA	0.009789143520521272	-0.794752034039944	0.0	0.0
TCTAC	0.0073496741094556855	0.860649846442314	0.0	0.0
TCTAG	0.002843205631400492	-0.10482768168196452	9.741249416755371e-11	7.50076423194912e-09
TCTAT	0.0029907929065157543	-0.7234017635873182	0.0	0.0
TCTC	0.008993712660228002	0.6787511009094527	0.0	0.0
TCTCA	0.007529207464723913	-0.7949779996602564	0.0	0.0
TCTCC	0.0020901644904195767	-0.3887690893518503	4.626455438719228e-137	0.0
TCTCG	0.0035804073311715024	0.3988256360818819	8.690657297878667e-145	0.0
TCTCT	0.004232547317561027	0.7737923247112561	0.0	0.0
TCTG	0.003209863381871713	-0.03812677830727908	0.018879754182852145	0.3671020286881238
TCTGA	0.006004944372812679	-0.05467682847830407	0.0007561514984936123	0.027600147701196454
TCTGC	0.008830368095722647	-0.6904967780104634	0.0	0.0
TCTGG	0.0020679053496213	0.550260611040259	3.5452293223347724e-299	0.0
TCTGT	0.003260459239250682	0.3443393290747673	5.082647164494415e-106	0.0
TCTT	0.0031116236438013165	0.7366297119714591	0.0	0.0
TCTTA	0.00340187884139094	0.5250659509923198	8.793002137689884e-268	0.0
TCTTC	0.007288153249555461	-0.7501137339889138	0.0	0.0
TCTTG	0.007248756027501706	-0.7671133802696866	0.0	0.0
TCTTT	0.01646942075920411	0.845501178062845	0.0	0.0
TGA	0.009417178541975789	0.025660419002785737	0.11413259030218811	0.8871147903659383
TGAA	0.006709570194506227	-0.6094698057374329	0.0	0.0
TGAAA	0.003086904176014351	0.11707088338300983	4.772120866736827e-13	4.008260390264695e-11
TGAAC	0.00682168172589874	-0.8349139859300921	0.0	0.0
TGAAG	0.0028562628656617238	0.00885098451911423	0.5858445286764605	0.9997558591061502
TGAAT	0.008439952054346115	-0.7987079334550506	0.0	0.0
TGAC	0.009793827874827963	-0.2261431541213917	3.5771099713461226e-45	0.0
TGACA	0.004030208980983786	-0.3207336822421254	1.8463395881819496e-91	0.0
TGACC	0.02201084266754074	-0.744488773028908	0.0	0.0
TGACG	0.0032037677758549694	0.8008123202240112	0.0	0.0
TGACT	0.0027519919978393993	0.41451122982268535	2.1944314106348328e-157	0.0
TGAG	0.009922768407587624	0.8253924323303239	0.0	0.0
TGAGA	0.008428019208122486	0.5490124306832368	1.4745130566779705e-297	0.0
TGAGC	0.006539564277964895	-0.45457957507214153	8.873100743400234e-193	0.0
TGAGG	0.01549900368246667	0.7116445049638798	0.0	0.0
TGAGT	0.01007019785071122	-0.6020855033849336	0.0	0.0
TGAT	0.004319204743014803	0.7924996888049374	0.0	0.0
TGATA	0.0031223023410848175	0.5803202876449303	0.0	0.0
TGATC	0.006512248216126645	0.7558558107663165	0.0	0.0
TGATG	0.004819335778444559	-0.5447672681045176	4.207773158175301e-292	0.0
TGATT	0.007325350206744749	-0.6944706240175513	0.0	0.0
TGC	0.003510362210178275	0.5139947772408817	8.348020371018615e-255	0.0
TGCA	0.0030430570428048626	-0.22065659773999569	4.870222647189225e-43	0.0
TGCAA	0.006988798767736961	-0.6947214130627095	0.0	0.0
TGCAC	0.0013227978147632663	0.3452761395116188	1.2632521810452584e-106	0.0
TGCAG	0.0029927205669092495	-0.057667538994739205	0.000380997811862794	0.015877558466998676
TGCAT	0.004047337604686768	-0.10166319831334315	3.506735885399747e-10	2.6651193363314007e-08
TGCC	0.004867917496752906	0.5828054327546783	0.0	0.0
TGCCA	0.0017920470071900493	-0.5547298470658515	4.966494187931737e-305	0.0
TGCCC	0.004551017095795847	0.7939194561156753	0.0	0.0
TGCCG	0.012340036413405725	0.6570881332649559	0.0	0.0
TGCCT	0.006346516854243278	-0.534583181739791	2.4939728086417305e-279	0.0
TGCG	0.0028414670162211554	-0.045618782778623135	0.004958685132251903	0.13543704560974135
TGCGA	0.0013762817283686335	-0.2641446586045838	1.4649045801252255e-61	0.0
TGCGC	0.0014348797488656787	0.5696160551705753	0.0	0.0
TGCGG	0.01834633056238836	-0.6369046916986627	0.0	0.0
TGCGT	0.0026110347431968985	-0.5541500719744609	2.8869562724252453e-304	0.0
TGCT	0.0036054717615098754	-0.27804929028800884	2.7965667500999123e-68	0.0
TGCTA	0.006400027657597066	0.8274931196748248	0.0	0.0
TGCTC	0.004614121615515514	-0.6738900991378285	0.0	0.0
TGCTG	0.008190056170584674	0.7570149957296719	0.0	0.0
TGCTT	0.002760270597408373	0.09016043457224085	2.674535010011449e-08	1.7919368715535455e-06
TGG	0.005710088989360978	0.23995039207321353	8.457820060231906e-51	0.0
TGGA	0.04115280968114168	-0.8668124213985715	0.0	0.0
TGGAA	0.02580807427113408	-0.8557411227792826	0.0	0.0
TGGAC	0.016492901033229323	-0.7862061618675362	0.0	0.0
TGGAG	0.0036015195474085374	-0.5228458011984829	3.847981310907974e-265	0.0
TGGAT	0.012556025971936257	-0.6243765076550811	0.0	0.0
TGGC	0.002252795711127876	0.5326370556511837	6.140992068370771e-277	0.0
TGGCA	0.009374010032725475	-0.5466394700419689	1.6895526042675406e-294	0.0
TGGCC	0.0037752497616922597	0.7314142129470753	0.0	0.0
TGGCG	0.0031867256323681657	-0.5826023978003803	0.0	0.0
TGGCT	0.006498273014579051	0.7544188424294167	0.0	0.0
TGGG	0.010061726210866508	0.7271132243212681	0.0	0.0
TGGGA	0.003916790009813422	-0.7341465753114798	0.0	0.0
TGGGC	0.003445807984418256	0.04591597869103796	0.004683551187639071	0.13543704560974135
TGGGG	0.035988040926914995	0.7971235971701767	0.0	0.0
TGGGT	0.008693797171134785	0.7961306021480268	0.0	0.0
TGGT	0.004511116351510068	0.8485290201301565	0.0	0.0
TGGTA	0.006368271844040337	0.8115505799337859	0.0	0.0
TGGTC	0.008696095685202885	-0.7401252008781561	0.0	0.0
TGGTG	0.00904857000807626	0.7473087088217188	0.0	0.0
TGGTT	0.014147777939313542	0.8011536773784014	0.0	0.0
TGT	0.0050101074214999675	0.8055825771675478	0.0	0.0
TGTA	0.004514511129567851	0.7089127178753517	0.0	0.0
TGTAA	0.003771605739119688	0.7126303770657603	0.0	0.0
TGTAC	0.006873469112188414	0.8683632285580665	0.0	0.0
TGTAG	0.005394504160001827	0.7447209756864379	0.0	0.0
TGTAT	0.002299911844276272	0.6230442191078156	0.0	0.0
TGTC	0.019158007642204874	0.7200992407348853	0.0	0.0
TGTCA	0.0058395801936351865	-0.19835602824326987	5.992514275947418e-35	0.0
TGTCC	0.008687238793853363	0.9123877051298908	0.0	0.0
TGTCG	0.0022459427391068564	-0.3540181837085977	2.2837446728035525e-112	0.0
TGTCT	0.0034733203844894405	-0.04577309579308562	0.004814054885159928	0.13543704560974135
TGTG	0.004359626394094866	-0.4396843837092722	4.629276022472998e-179	0.0
TGTGA	0.002353259391110332	0.07281645091660022	7.173962134600781e-06	0.0004016626325409334
TGTGC	0.0027532519837556255	0.4358758915506161	1.1594595814399253e-175	0.0
TGTGG	0.0039931387877263315	0.06069851154336009	0.00018403261345268846	0.008065478253201808
TGTGT	0.006789834997456563	-0.6626220782715894	0.0	0.0
TGTT	0.0038116350891198927	0.37331542837397924	1.0529041161930697e-125	0.0
TGTTA	0.004580540809214086	0.7725924879292343	0.0	0.0
TGTTC	0.0025152549671513553	-0.34136371983859115	4.099581265119983e-104	0.0
TGTTG	0.008083196344601156	-0.47602206659015533	9.19721877853114e-214	0.0
TGTTT	0.0031736456569658057	-0.4825616536599246	1.819343815243009e-220	0.0
TTA	0.008025035909266605	0.7742665100452317	0.0	0.0
TTAA	0.004707859694631233	0.4597787559501686	9.927709120247063e-198	0.0
TTAAA	0.0017741802866092166	-0.2516084422784995	7.712449080199995e-56	0.0
TTAAC	0.0037492996588061375	-0.16504477832121062	1.4520728346048992e-24	0.0
TTAAG	0.001975110621567832	0.7571705127132161	0.0	0.0
TTAAT	0.0029150137036880134	0.5788180335600168	0.0	0.0
TTAC	0.004004137466201536	-0.7382763239140162	0.0	0.0
TTACA	0.0024581545498106386	-0.45016377874910085	1.2197731650074394e-188	0.0
TTACC	0.0018342867452686058	-0.24790788365638947	3.28151800162686e-54	0.0
TTACG	0.00076196652217094	-0.6230175973154173	0.0	0.0
TTACT	0.0021671177739180144	-0.7375911267525859	0.0	0.0
TTAG	0.012893602043000281	0.7037812496784182	0.0	0.0
TTAGA	0.001882963143552015	0.5356645153017539	1.1518538308725507e-280	0.0
TTAGC	0.01690181651451679	0.8112312648199844	0.0	0.0
TTAGG	0.012835451357671375	0.7944943039012681	0.0	0.0
TTAGT	0.013817500777653894	-0.7134360018520267	0.0	0.0
TTAT	0.0091068188389503	0.8541454086021729	0.0	0.0
TTATA	0.01057481246094286	0.8140946057920173	0.0	0.0
TTATC	0.0014302230331858525	-0.09671131143268355	2.4101158543336582e-09	1.7111821337678634e-07
TTATG	0.007225397786272617	0.7912434885889121	0.0	0.0
TTATT	0.0021490599474988875	0.4162610297642325	7.828123299531987e-159	0.0
TTC	0.003607527580052191	0.40509721813586436	9.620536662684901e-150	0.0
TTCA	0.008694068678266265	-0.7014454065967415	0.0	0.0
TTCAA	0.0057742970957974276	-0.7366147998170215	0.0	0.0
TTCAC	0.01599801438296157	0.6237047114953902	0.0	0.0
TTCAG	0.00795429292989501	0.670955613773265	0.0	0.0
TTCAT	0.005172882777214122	-0.6578141814860929	0.0	0.0
TTCC	0.02272630708097916	-0.5536787237431748	1.204392137966094e-303	0.0
TTCCA	0.008381808120682498	0.5938373116215068	0.0	0.0
TTCCC	0.0028772448631399048	0.3335513985142994	3.310053902354928e-99	0.0
TTCCG	0.011798311233725963	-0.8657631060189555	0.0	0.0
TTCCT	0.00519366875572462	-0.7128862462157639	0.0	0.0
TTCG	0.00710124691698435	-0.6189800166354005	0.0	0.0
TTCGA	0.004982358451202831	-0.8405192156425814	0.0	0.0
TTCGC	0.001375644582027872	-0.5952310831074252	0.0	0.0
TTCGG	0.0014005066481062995	-0.27431873127752676	1.9425956025346626e-66	0.0
TTCGT	0.00257419873979067	0.833114993952109	0.0	0.0
TTCT	0.007173219690099117	0.7091626137638743	0.0	0.0
TTCTA	0.0017496626336706957	-0.168574166510348	1.4327894655173953e-25	0.0
TTCTC	0.014383901084832965	0.8483657115837824	0.0	0.0
TTCTG	0.002319251133875756	-0.6722766288417894	0.0	0.0
TTCTT	0.015002928809529055	0.7463858269470411	0.0	0.0
TTG	0.013677297987008384	0.3455149932106577	8.851270541401246e-107	0.0
TTGA	0.006582035208327051	0.42379784237735435	3.621560041193319e-165	0.0
TTGAA	0.006089231342767243	-0.6658567038558685	0.0	0.0
TTGAC	0.002398985824719443	0.6436517759659071	0.0	0.0
TTGAG	0.004578319782402376	0.22575946654416257	5.0656710188802484e-45	0.0
TTGAT	0.0021302845763634406	-0.5152143643857673	3.276649102987691e-256	0.0
TTGC	0.0025643477703039637	0.30358028984832053	1.137490840421538e-81	0.0
TTGCA	0.002623012411136045	0.11935902883734059	1.6560009365250823e-13	1.4411138948844382e-11
TTGCC	0.005066684334362457	-0.7275713913647337	0.0	0.0
TTGCG	0.005047677916364257	-0.8954410187629966	0.0	0.0
TTGCT	0.0037854040809778334	0.2770854858244226	8.418070041661694e-68	0.0
TTGG	0.005985916571967154	-0.5437178189777256	9.133727935432403e-291	0.0
TTGGA	0.010328474404379303	-0.8240799859874132	0.0	0.0
TTGGC	0.00374854073737756	-0.29239562693131305	1.2383738099657594e-75	0.0
TTGGG	0.00212651784265636	0.3382374683718591	3.921877867595779e-102	0.0
TTGGT	0.0024659863598738858	0.15778052926324554	1.454759462253882e-22	0.0
TTGT	0.007659176035395973	0.849475979508642	0.0	0.0
TTGTA	0.012842002388997364	0.7105140649712506	0.0	0.0
TTGTC	0.0031585510946519945	0.4514942785131346	7.012011355213138e-190	0.0
TTGTG	0.001836218996510096	-0.5119013135071372	2.0988743936804916e-252	0.0
TTGTT	0.01139982676982062	-0.5527265426749565	2.1422868144787072e-302	0.0
TTT	0.021176021762700982	0.5958420820398194	0.0	0.0
TTTA	0.004975411609124879	0.4542130922278868	1.9671992853291975e-192	0.0
TTTAA	0.004175627907685978	-0.8337477772341852	0.0	0.0
TTTAC	0.0037471238750651616	0.4448157800237551	1.0397321623766585e-183	0.0
TTTAG	0.003999452364476168	0.8059041718176108	0.0	0.0
TTTAT	0.00582022554519237	0.791384023461774	0.0	0.0
TTTC	0.005936694954021544	0.7786517114303171	0.0	0.0
TTTCA	0.0031624699580470577	0.6397602589747639	0.0	0.0
TTTCC	0.006722673552552841	-0.6025496431357029	0.0	0.0
TTTCG	0.0009973374281859856	-0.37262640853741746	3.26984485871718e-125	0.0
TTTCT	0.0078117869853678796	0.8111533464787882	0.0	0.0
TTTG	0.0033098544798896546	0.10082189293374638	4.897740015726142e-10	3.673304926898879e-08
TTTGA	0.003206239361758283	-0.6797702879882084	0.0	0.0
TTTGC	0.0035664465599062924	-0.7840359926557894	0.0	0.0
TTTGG	0.0032937635109391407	-0.7146686750240133	0.0	0.0
TTTGT	0.0038671002774281447	0.8571727141322361	0.0	0.0
TTTT	0.0066347285343055186	0.6009208135005659	0.0	0.0
TTTTA	0.014208867335395507	-0.7075022014997634	0.0	0.0
TTTTC	0.003803502369424955	0.6988438984171305	0.0	0.0
TTTTG	0.006728687783385388	0.9101564441167425	0.0	0.0
TTTTT	0.0017704182646389054	0.5904877256843672	0.0	0.0
